10
58 2 52
23 22
23 50
50 36
22 11
22 38
11 25
38 51
50 37
23 12
36 18
37 1
23 35
37 34
23 15
18 19
35 13
18 30
38 26
50 41
22 27
36 49
27 29
36 8
18 32
15 45
19 2
19 55
12 10
13 33
34 46
8 20
8 6
34 56
26 16
27 3
56 48
56 28
33 43
28 54
49 5
6 17
10 24
45 9
6 42
48 21
10 58
33 7
24 14
33 53
42 39
58 57
56 4
14 40
24 52
39 47
7 44
28 31
681 251 429
432 643
643 105
643 165
105 675
675 240
240 287
432 548
432 143
287 64
675 304
240 262
304 480
165 149
149 21
105 113
304 196
287 396
149 180
64 72
143 639
113 587
639 367
587 171
64 13
196 127
196 365
587 360
196 354
262 23
480 225
113 154
13 408
396 199
354 137
13 129
360 434
171 579
127 592
587 503
13 57
13 211
503 130
130 16
225 87
503 414
354 179
23 598
23 428
137 511
414 551
199 515
503 40
414 41
179 571
598 478
87 310
414 217
41 533
571 586
41 109
16 334
478 210
87 517
210 594
478 198
571 539
511 188
334 563
539 398
398 107
586 468
563 55
539 299
478 147
188 29
310 681
299 49
563 554
49 645
563 142
147 216
299 473
188 331
563 419
49 78
554 626
216 381
681 288
398 313
216 201
78 559
381 220
220 117
681 230
288 337
78 309
142 260
331 364
216 175
331 345
381 36
260 580
201 183
36 660
345 123
381 597
381 445
230 526
175 279
279 276
580 356
36 224
309 444
364 200
337 31
597 500
364 151
660 306
500 606
597 395
151 499
356 666
276 614
597 100
151 485
445 429
429 254
224 272
200 136
224 349
614 232
499 229
606 101
614 425
136 409
500 267
267 237
429 672
666 99
232 385
614 295
666 646
100 293
485 157
232 476
136 411
411 174
411 545
409 433
411 282
232 323
293 382
411 341
409 678
267 208
295 650
341 247
99 173
323 226
157 170
433 281
170 11
411 156
170 671
382 484
323 658
173 679
208 106
11 590
658 54
382 112
281 448
484 591
678 495
484 456
54 4
456 431
658 283
281 490
156 69
590 654
490 647
654 222
647 236
456 122
122 340
69 316
236 75
654 14
431 402
14 53
340 280
654 593
340 525
280 651
4 600
654 103
654 327
316 453
600 477
280 115
402 140
122 186
122 413
413 644
651 440
280 576
593 43
402 352
280 284
103 277
103 482
284 346
277 296
186 66
115 466
453 300
346 665
665 251
352 506
115 547
482 527
251 185
296 451
296 379
66 312
352 126
346 15
665 673
300 422
185 329
126 573
506 481
451 194
506 603
15 357
194 311
527 268
15 392
311 359
573 89
268 508
573 538
126 177
379 102
329 197
102 228
194 26
177 257
392 437
573 3
357 82
392 368
603 566
177 263
508 378
392 613
268 25
613 565
25 242
368 471
471 389
437 584
26 616
25 568
228 270
368 338
565 676
368 218
25 321
270 85
321 178
321 116
25 289
338 322
568 540
116 523
321 458
321 516
458 435
116 649
178 417
289 47
516 145
540 259
47 239
47 256
239 160
321 624
417 483
145 377
256 301
116 255
145 514
47 131
131 253
483 494
131 252
145 163
160 423
163 333
494 258
145 439
423 181
252 552
624 139
333 404
423 32
333 550
163 307
32 449
514 94
253 81
404 488
163 427
94 581
32 202
32 618
423 518
581 530
81 561
427 343
32 452
452 383
552 18
139 238
383 68
32 441
518 39
343 24
94 8
81 7
561 623
24 159
427 233
618 373
68 362
39 493
383 509
373 162
233 152
493 371
18 6
18 227
152 30
8 80
227 191
6 167
623 1
371 168
30 610
7 144
362 465
30 28
465 51
80 213
152 214
509 472
6 663
227 621
6 542
30 510
167 221
610 192
465 286
191 315
28 609
510 366
221 342
213 384
472 291
465 401
291 320
401 348
510 376
348 93
401 629
663 588
348 599
609 406
588 330
192 19
342 436
629 519
342 219
519 62
342 153
62 636
401 546
19 617
546 35
320 303
348 630
219 52
93 37
436 182
37 71
588 67
219 50
636 662
219 535
662 325
71 328
182 502
35 187
62 244
328 416
546 111
416 271
187 45
71 166
416 549
271 205
111 190
50 141
50 5
190 391
549 363
187 454
328 467
363 625
391 479
111 358
391 612
141 298
298 652
416 611
652 344
625 620
620 132
467 176
467 120
391 261
620 249
261 58
249 575
454 266
358 84
344 9
358 595
612 567
298 375
611 407
344 642
611 608
608 648
176 668
9 269
642 461
461 498
375 125
461 241
84 489
668 319
668 570
498 86
642 27
375 61
489 245
570 446
407 633
241 661
648 91
648 569
27 124
461 246
241 212
446 669
446 339
661 265
61 677
570 164
61 577
265 189
633 443
443 248
61 653
61 674
339 470
674 420
420 42
661 387
443 92
470 622
387 95
677 492
92 308
420 17
95 421
674 22
420 158
622 655
308 541
492 172
492 585
674 424
42 582
308 393
421 128
42 536
424 635
128 370
421 278
582 578
17 98
393 534
421 209
172 583
541 522
424 641
172 557
370 88
393 501
635 60
370 10
370 235
98 74
74 380
501 231
278 326
635 399
98 400
578 497
10 664
522 604
399 2
235 394
400 83
394 589
400 602
602 250
400 332
10 90
250 20
497 459
332 512
332 292
602 335
332 243
604 520
602 79
400 96
512 369
520 555
394 65
292 275
20 426
275 507
426 529
512 353
335 285
332 70
96 56
70 97
285 638
555 204
353 556
369 138
353 33
520 118
79 184
369 133
204 634
138 528
285 403
556 628
133 390
628 405
118 504
33 350
528 553
553 374
638 135
638 207
374 496
207 464
207 513
405 146
403 38
496 659
659 537
537 76
504 318
513 505
207 274
553 560
537 12
537 73
560 469
135 193
464 44
193 302
659 104
513 596
596 462
38 305
659 475
274 119
305 297
560 59
475 48
297 605
462 524
48 215
560 388
48 410
48 121
73 336
297 631
44 134
215 155
462 564
155 161
524 657
121 347
155 169
119 234
524 455
48 351
605 656
351 574
169 640
524 46
134 386
336 521
564 290
640 531
290 77
347 63
161 430
169 463
531 442
290 486
455 412
640 34
63 607
486 195
77 532
290 397
386 294
77 680
412 670
670 418
531 667
486 324
463 438
442 615
438 450
294 206
195 447
412 372
438 627
607 415
447 150
34 562
447 460
562 314
206 148
148 110
460 474
474 457
460 601
601 108
372 637
314 361
474 491
474 203
460 273
637 619
447 264
314 544
601 317
601 572
273 355
619 114
601 543
572 487
317 632
264 558
264 223
24 13 16
12 21
21 18
21 16
18 15
21 8
8 24
15 13
24 19
12 9
18 22
21 10
12 1
18 11
12 23
22 6
9 20
13 3
22 2
18 14
22 4
6 17
10 5
8 7
198 197 13
89 147
147 117
89 169
117 67
147 76
76 17
147 111
111 168
76 60
147 31
67 186
111 155
147 146
169 195
76 150
150 191
67 62
155 99
117 106
168 139
31 35
60 185
139 9
186 2
99 10
17 192
146 44
62 8
195 90
146 142
186 5
2 56
106 28
195 3
56 166
9 29
8 50
2 33
10 68
3 24
56 53
185 173
28 154
33 83
68 138
192 182
44 85
53 38
29 91
56 178
91 69
3 70
53 47
33 97
166 88
85 159
38 116
178 74
138 144
144 94
138 58
138 110
38 100
58 93
94 63
85 193
193 126
47 41
94 95
97 36
193 123
88 15
41 187
95 122
122 161
15 43
58 112
43 148
123 107
126 96
148 46
187 131
93 71
63 11
63 137
95 30
131 18
123 114
96 65
131 109
11 84
187 78
109 134
107 198
161 162
107 82
84 48
65 141
48 175
109 40
114 101
11 127
40 54
30 177
18 16
114 86
48 7
78 75
177 21
75 102
162 105
134 196
75 133
40 172
196 20
20 130
75 79
127 140
105 72
16 4
4 124
133 115
20 152
4 176
79 61
20 42
7 160
172 121
61 153
102 157
176 167
42 32
140 80
153 25
157 22
115 45
32 120
115 39
157 92
80 108
120 26
26 158
26 179
108 1
45 81
160 135
167 103
45 145
153 34
158 136
39 132
179 19
92 170
81 174
145 129
135 13
129 163
26 12
179 59
145 151
170 77
145 164
103 189
103 104
59 188
188 57
34 181
13 143
163 73
143 190
151 66
188 55
190 14
57 87
188 119
190 156
189 128
14 27
104 165
55 184
156 125
66 180
143 194
27 23
184 98
119 64
165 113
125 149
64 52
14 118
194 51
194 49
128 171
23 197
118 37
118 183
183 6
143 109 75
87 113
87 13
113 53
53 96
113 9
113 74
96 41
41 75
9 31
41 94
96 95
94 103
9 49
31 126
53 34
94 15
96 29
113 40
95 130
126 52
103 47
75 14
40 48
9 11
34 32
15 46
126 135
32 51
29 30
51 116
49 89
49 112
89 124
130 67
34 43
40 24
32 68
43 83
24 140
68 60
48 10
140 134
30 35
51 19
135 76
83 5
89 131
43 91
76 12
12 98
43 65
83 97
5 122
12 79
35 20
131 108
76 56
83 64
97 38
98 141
122 63
12 39
12 16
16 123
5 120
108 133
64 128
97 80
20 104
39 142
80 114
80 1
122 132
16 7
123 121
128 102
16 58
133 70
132 69
102 37
16 107
132 36
69 61
102 115
7 21
7 106
128 110
61 100
142 59
69 26
70 139
107 129
61 42
26 119
42 137
129 138
110 54
69 81
138 55
26 62
61 82
82 99
61 33
26 2
33 66
138 125
137 57
57 118
26 27
42 71
42 17
33 93
2 77
118 117
27 6
57 90
93 4
125 136
82 85
118 25
82 50
50 86
66 18
25 44
17 72
125 84
71 109
71 45
50 111
6 22
90 8
111 73
4 23
111 143
72 101
23 28
84 88
86 105
72 127
111 92
84 3
73 78
39 10 35
39 26
26 38
39 36
26 29
38 31
26 10
29 18
26 15
36 2
2 13
15 24
13 28
36 7
18 34
18 11
26 3
15 12
36 9
18 25
2 27
25 23
23 1
13 32
24 19
32 21
3 20
11 35
27 17
12 4
12 8
32 16
34 33
17 5
11 14
12 30
8 6
33 22
17 37
146 91 6
137 64
137 60
137 69
64 107
69 45
69 92
69 102
92 90
107 7
107 17
90 89
107 22
17 131
131 128
22 82
137 27
137 97
7 110
89 122
69 13
122 70
102 12
110 133
70 85
70 145
27 29
22 65
122 23
85 33
131 134
122 25
133 124
27 44
97 61
25 2
97 56
65 4
145 76
65 46
13 101
145 120
56 38
2 114
23 115
38 6
134 67
65 138
101 8
56 21
67 99
67 72
101 103
56 24
115 146
46 40
8 139
114 96
8 62
38 127
103 88
72 19
115 78
72 51
146 118
8 58
127 9
9 55
58 119
119 41
24 39
55 125
62 86
41 74
119 108
41 43
108 98
127 123
123 14
123 100
58 66
58 116
78 18
51 10
58 37
66 57
37 36
66 71
18 42
42 1
71 63
74 49
1 34
98 104
43 83
34 84
14 142
63 113
113 50
36 81
113 52
63 35
63 136
34 79
57 80
71 16
36 15
142 28
1 91
83 95
80 54
84 11
83 73
16 77
35 5
52 53
35 75
54 59
73 105
11 135
52 130
136 94
91 31
31 143
80 111
53 32
73 109
91 112
105 20
53 26
111 121
135 106
94 93
130 144
94 140
112 132
144 126
105 3
132 68
3 87
106 129
129 47
109 48
132 30
140 117
68 141
397 211 256
75 17
17 177
177 179
75 380
380 232
232 203
177 111
203 144
232 385
17 309
203 127
309 248
111 279
111 269
177 32
279 122
32 359
144 345
385 396
127 204
396 313
204 20
32 242
242 13
269 310
204 176
176 363
204 240
309 2
363 108
396 246
310 45
310 322
20 280
310 384
204 49
313 375
313 155
375 356
313 340
246 346
240 291
45 303
322 397
246 72
72 299
108 135
45 211
49 220
108 158
291 61
322 339
303 342
342 226
342 300
291 221
303 70
221 376
291 166
299 115
226 168
115 58
220 381
115 145
381 321
300 255
321 100
61 146
339 244
226 28
70 312
226 46
244 201
168 125
115 386
312 297
70 295
168 254
244 87
386 10
381 190
254 209
255 138
125 252
28 260
386 43
10 393
146 119
138 62
43 18
260 5
43 175
125 224
252 250
250 139
295 286
138 341
175 317
341 263
62 151
18 353
175 264
5 230
393 306
264 349
175 274
317 57
18 304
151 334
274 272
304 326
250 76
304 3
230 22
139 56
56 259
306 181
76 337
337 12
151 329
56 92
326 91
91 373
76 6
76 133
337 266
259 165
259 292
266 114
133 390
12 172
92 216
216 357
266 123
123 200
123 86
114 338
337 243
165 47
133 21
357 354
200 112
112 271
354 53
86 236
172 208
114 109
112 285
200 319
21 169
47 351
338 251
208 193
47 132
285 245
245 64
354 315
53 136
109 131
245 335
251 171
271 377
136 174
171 257
208 153
131 328
132 324
131 294
251 8
132 73
171 35
35 267
132 150
153 228
35 214
257 391
35 364
174 262
335 9
294 161
228 26
73 84
324 360
257 293
360 395
364 52
150 368
8 85
150 372
395 55
267 348
391 361
262 275
348 4
4 370
368 284
293 239
293 44
9 332
284 215
84 225
395 63
361 89
4 77
85 95
89 278
55 378
275 142
89 124
361 234
77 88
225 318
275 325
77 290
239 69
378 392
318 15
392 31
15 147
318 336
142 19
147 99
95 11
15 371
234 249
69 101
325 54
147 389
31 160
69 48
371 128
99 231
128 90
249 110
336 34
389 327
371 218
90 350
218 33
54 164
90 273
34 71
128 83
128 238
90 366
231 235
273 116
218 323
350 343
164 296
323 233
33 258
273 106
238 107
164 25
218 222
343 277
233 67
71 241
273 68
116 355
355 268
233 194
233 388
355 187
355 36
233 298
222 120
268 29
296 7
233 394
388 247
7 170
268 154
29 66
388 316
241 140
170 184
247 102
102 192
170 65
298 347
184 344
187 157
7 382
36 118
344 362
394 137
192 307
140 311
311 387
65 185
65 265
265 82
185 210
102 173
82 186
210 365
311 331
210 162
137 379
365 223
265 117
82 143
311 369
143 149
143 320
379 202
311 217
369 191
117 105
186 261
202 383
261 40
383 59
369 302
117 130
191 93
59 256
143 227
202 126
227 352
302 301
105 14
105 1
227 358
40 305
227 367
191 213
301 38
256 96
38 198
1 23
93 78
358 314
23 205
314 283
1 167
78 229
167 104
283 212
96 282
282 30
205 287
167 152
96 270
229 196
213 42
167 189
270 74
152 156
74 199
212 333
74 24
314 197
270 195
287 206
206 81
74 121
197 180
212 103
282 98
189 94
195 237
98 207
237 178
24 129
195 41
206 188
188 50
81 330
197 182
178 276
103 51
276 113
81 374
129 159
94 219
330 183
276 134
207 37
159 97
51 163
237 16
219 27
374 80
330 308
374 39
182 60
16 253
60 141
51 148
16 288
16 281
134 79
253 289
21 20 14
4 7
4 15
15 3
3 5
4 20
4 12
7 1
5 8
5 19
20 13
13 16
7 17
16 21
5 11
12 2
11 18
1 9
1 6
9 14
1 10
81 7 15
76 73
73 46
76 8
46 15
73 11
76 42
42 75
76 26
76 47
8 39
42 78
15 74
47 23
78 40
23 43
47 19
73 52
11 36
26 64
43 3
78 20
39 80
36 81
15 25
3 32
36 41
19 50
40 17
40 72
36 55
25 58
41 30
55 10
72 65
41 48
81 66
48 37
17 67
81 27
72 21
27 60
21 6
21 13
21 38
6 45
67 53
55 5
58 31
38 4
58 59
38 54
53 77
45 71
45 51
54 35
66 70
59 14
53 57
54 79
13 69
60 28
53 56
38 68
35 63
45 33
54 34
4 22
59 62
28 29
51 9
56 18
22 44
56 61
51 24
79 49
24 1
57 12
24 2
34 16
16 7
