2
881 360 383
291 512
512 84
291 249
84 509
249 787
291 714
291 569
512 360
249 708
249 565
512 699
84 412
249 64
249 402
699 361
565 334
787 235
249 517
509 639
512 353
412 6
64 686
353 669
353 224
565 51
569 324
714 605
334 383
235 93
360 760
383 304
605 214
93 247
64 346
224 206
304 762
361 731
731 14
360 650
361 207
291 592
64 428
93 300
249 476
383 193
565 208
84 577
14 134
214 115
686 392
592 69
699 489
207 878
247 122
392 9
760 747
291 3
353 265
747 445
383 492
134 595
6 843
445 424
93 327
84 677
353 237
650 811
237 632
787 611
300 441
84 116
207 820
699 520
686 771
605 186
708 425
428 629
51 395
93 671
476 262
346 438
611 375
878 320
492 527
327 657
671 190
300 90
247 871
122 109
324 124
425 81
361 302
527 58
134 17
64 612
650 562
699 759
214 309
425 833
686 628
639 129
51 551
762 157
612 519
6 254
360 77
206 497
300 290
361 252
402 187
878 792
109 627
627 239
81 861
650 579
375 195
109 440
115 102
122 23
611 797
360 410
476 165
797 596
671 42
596 49
115 500
224 773
124 631
497 795
509 340
309 791
441 603
631 236
235 78
612 29
731 522
262 539
208 460
611 211
871 506
445 255
627 91
353 275
628 487
157 822
334 169
102 413
506 761
169 282
843 307
249 608
822 196
506 585
669 400
487 172
157 607
440 104
361 675
595 221
165 715
607 684
196 436
9 713
820 22
787 30
607 586
500 149
595 396
77 638
195 121
208 271
820 215
291 829
492 33
69 368
221 289
29 482
282 135
577 144
221 659
102 767
767 665
500 35
605 622
607 798
207 347
309 807
519 785
109 288
235 613
445 868
78 730
396 308
375 315
288 374
612 723
820 648
249 709
760 719
252 614
235 538
424 823
759 85
58 174
497 94
33 483
527 422
509 799
93 587
375 488
628 707
843 189
64 212
396 57
172 573
307 418
368 754
122 426
207 678
657 560
678 45
731 386
42 325
797 241
42 776
149 720
807 210
792 117
324 201
708 217
69 529
627 548
791 105
237 2
282 114
422 140
289 844
392 406
715 459
210 621
596 553
797 630
406 706
410 674
773 87
844 50
678 86
611 536
714 248
116 449
58 54
579 749
449 873
699 768
212 273
844 11
424 825
289 874
720 82
90 435
445 845
730 100
771 717
517 167
795 365
579 510
51 28
121 851
759 133
627 294
282 37
428 722
282 566
483 552
224 205
767 46
46 79
133 533
207 589
289 97
684 456
456 162
719 757
807 534
413 284
395 362
500 474
42 83
565 623
538 778
214 452
273 26
648 378
607 348
134 465
42 414
767 204
596 13
522 433
611 624
650 803
100 763
456 159
613 458
302 96
196 202
239 502
487 72
85 693
86 242
792 625
623 507
551 642
723 128
650 337
187 229
539 801
585 345
186 567
212 336
128 176
304 267
596 609
307 495
678 523
833 245
778 606
386 209
565 580
792 658
778 171
45 434
50 704
365 175
699 179
78 343
29 191
383 661
433 431
42 572
723 199
77 354
433 641
392 818
843 377
210 417
241 101
533 824
206 437
210 111
245 790
657 670
456 108
605 27
93 599
510 690
117 556
671 745
108 103
417 583
792 380
291 225
72 493
768 137
754 597
249 278
754 24
29 549
206 528
137 564
172 181
709 350
669 645
608 233
642 736
579 559
241 576
787 727
374 705
189 146
497 809
567 310
111 470
214 60
265 351
445 183
833 769
247 872
873 733
51 232
29 419
232 234
580 881
413 373
93 802
493 746
608 783
608 390
749 120
86 370
252 598
236 619
210 303
492 464
614 178
556 429
629 756
278 142
360 357
196 679
465 543
509 516
829 711
811 332
492 814
120 7
736 541
746 244
165 591
791 804
210 618
114 732
520 223
464 457
732 238
288 56
82 287
674 770
579 473
374 107
237 268
441 835
81 125
165 63
206 164
97 279
193 151
183 584
291 515
609 687
179 574
390 755
704 467
255 578
556 850
133 535
629 264
675 532
833 726
578 68
465 389
189 285
28 141
459 695
120 222
627 696
56 266
723 18
811 742
436 280
116 293
690 550
603 668
811 36
268 331
536 450
506 575
422 416
560 454
347 662
512 547
133 494
242 741
79 138
709 59
670 847
282 521
252 813
236 672
549 408
412 292
141 427
768 263
489 371
591 751
422 355
222 270
441 834
56 480
265 511
628 694
368 15
536 775
464 231
151 558
408 123
678 664
576 403
732 485
454 92
108 274
225 683
60 561
271 98
23 471
659 620
337 200
396 540
361 154
292 610
85 152
881 656
128 635
121 870
454 854
285 446
608 867
731 1
123 788
144 673
90 363
287 168
677 841
820 131
362 590
233 99
268 729
93 12
375 724
332 160
116 70
122 839
17 444
403 312
435 240
408 555
610 39
133 545
428 184
835 112
533 401
123 781
471 469
13 283
255 652
799 269
354 789
489 666
493 857
332 557
413 691
851 700
494 633
540 524
507 703
217 311
35 95
507 836
798 499
70 475
245 503
674 544
614 305
308 297
573 230
724 443
357 356
128 685
493 772
141 411
696 681
673 387
818 644
434 203
754 65
205 119
374 261
375 764
210 253
467 647
662 688
867 47
429 397
108 753
621 136
763 335
833 526
290 682
444 750
215 697
673 314
168 71
715 451
345 725
42 786
768 546
195 299
85 716
121 812
27 604
70 256
436 513
354 486
589 626
745 130
440 110
767 276
71 317
60 537
422 328
146 53
608 849
337 748
625 463
790 161
457 173
799 316
524 866
674 582
91 863
730 453
516 498
45 816
212 735
201 862
539 106
138 466
823 88
232 421
732 298
470 860
365 468
783 869
26 846
557 358
597 272
354 344
292 16
822 372
421 643
799 880
544 143
707 832
609 739
316 701
614 73
661 484
544 794
648 570
99 601
13 118
495 837
33 563
215 542
486 478
495 796
701 163
317 430
331 126
783 689
750 55
493 654
548 180
626 259
659 369
368 19
570 40
772 508
723 25
697 367
544 856
355 322
552 76
171 653
450 388
559 329
534 737
836 774
241 800
133 8
494 177
464 194
546 439
867 153
315 74
285 525
857 213
618 721
130 391
160 858
705 423
261 376
483 339
336 185
437 828
494 738
222 779
50 649
205 338
746 10
704 382
357 20
86 296
556 218
763 66
103 718
869 636
120 698
557 448
177 113
788 477
421 447
232 646
722 743
693 490
880 52
76 455
516 808
526 805
20 227
870 876
835 766
661 819
566 432
317 156
123 166
770 306
261 826
335 842
661 600
694 518
646 593
503 260
641 250
598 323
391 75
60 243
689 615
828 501
92 728
738 342
474 531
786 758
92 660
813 838
280 571
732 385
283 831
357 286
703 479
698 127
15 352
693 655
580 148
523 777
775 326
750 692
181 384
463 663
125 43
800 853
872 31
70 34
238 442
209 634
242 21
19 765
345 251
423 246
355 806
107 616
8 197
739 216
209 852
649 4
63 393
800 62
507 139
652 192
253 505
335 341
72 496
16 258
468 170
532 407
178 875
729 379
679 594
685 554
790 415
528 41
772 277
62 364
468 462
495 219
234 472
574 295
164 301
763 702
661 859
244 321
838 220
765 67
199 793
225 588
494 712
439 226
411 145
804 877
532 188
876 581
559 640
106 257
297 865
790 228
485 676
670 830
464 318
881 366
185 568
243 481
557 782
223 32
658 821
88 810
326 651
194 381
839 855
598 132
705 514
103 864
20 147
305 409
834 602
397 48
27 89
561 752
766 530
145 710
742 281
145 150
463 815
65 333
314 61
516 827
131 198
257 740
796 734
317 817
323 394
701 155
789 420
593 319
496 848
718 349
810 461
123 784
729 313
860 44
558 637
557 38
177 680
813 667
364 879
338 744
530 398
415 617
34 158
55 504
561 405
578 404
415 399
136 80
668 330
427 182
429 491
819 359
525 840
838 780
479 5
1119 1071 711
1042 262
1042 275
275 240
262 171
240 518
275 1118
275 572
275 748
518 535
572 577
262 165
535 817
577 579
1042 622
518 780
817 733
1118 1103
240 446
1118 689
572 56
165 369
1042 938
622 767
748 184
1103 312
369 641
446 805
748 24
56 981
535 1029
579 1063
1042 1116
518 1011
446 70
733 476
767 473
446 1
56 818
938 20
817 384
938 161
275 221
70 956
476 601
184 294
240 560
20 589
733 455
572 628
24 679
981 351
733 25
165 418
805 439
818 92
1118 198
767 968
622 946
1011 73
946 544
601 43
221 517
198 862
184 889
517 347
956 83
572 464
862 381
262 395
476 299
20 672
294 778
589 78
535 821
464 575
1118 220
517 713
351 707
20 597
767 940
275 1066
535 111
184 152
1063 676
1103 69
152 988
161 728
1063 434
817 789
198 93
184 573
455 257
464 786
1103 202
351 1062
347 189
152 564
805 125
517 35
184 335
476 279
1063 759
938 554
579 484
476 72
676 1049
1063 374
554 266
789 580
628 1026
395 998
1103 507
434 858
940 1095
24 404
484 60
312 813
862 522
1049 449
418 857
573 565
862 715
384 376
821 180
299 524
778 1037
575 964
476 1105
988 417
1062 1025
198 529
522 428
374 415
484 390
573 779
20 209
676 87
184 531
964 1085
813 992
417 445
312 803
518 463
1085 274
575 824
1037 478
184 54
564 503
209 148
946 40
889 986
455 894
473 401
381 847
560 1081
24 534
395 57
161 444
476 1023
428 337
1118 712
805 574
507 182
1081 543
337 658
418 468
1011 53
374 732
374 1017
24 8
449 413
894 643
1049 494
384 26
1062 15
335 65
1026 681
56 203
531 380
778 241
401 122
72 193
589 868
554 1044
529 49
658 802
658 163
986 291
351 744
529 809
802 1054
780 16
579 1030
53 698
589 743
786 477
93 272
464 55
1085 1112
444 920
60 834
209 756
69 483
193 1072
122 783
404 800
698 108
203 1052
992 208
732 943
446 846
404 493
417 1043
161 1000
57 695
335 952
294 514
968 448
658 822
817 997
676 762
554 375
1026 219
732 460
518 63
477 246
756 550
335 28
180 368
573 661
575 84
1063 903
93 1096
857 967
448 487
1043 957
1118 421
689 218
369 367
800 81
219 1058
780 826
63 30
1042 318
964 753
54 932
78 869
483 126
1049 429
26 521
938 304
351 344
564 853
291 639
337 551
809 510
404 245
198 183
550 1006
15 114
28 701
1105 632
272 840
643 354
122 876
681 933
514 765
446 792
780 36
257 532
689 508
1105 174
220 153
589 225
337 486
1058 662
824 1039
43 38
968 399
732 80
824 637
78 656
1096 457
404 194
894 1031
728 1114
732 831
550 345
57 323
368 596
1017 859
272 721
1116 850
262 671
415 1100
1023 264
535 1035
824 325
60 191
671 204
550 947
992 475
834 633
565 456
656 441
940 356
920 490
1000 886
347 709
1043 897
707 839
240 611
218 488
367 41
87 287
198 495
1049 884
743 1019
20 233
840 863
182 472
521 301
291 844
347 843
920 895
126 447
637 647
968 951
534 440
679 965
35 88
744 67
967 854
56 154
689 1040
858 1117
932 727
964 875
679 578
312 231
1025 199
439 536
152 132
1072 991
826 1008
495 14
1025 664
988 787
241 349
20 631
440 255
460 995
681 474
1114 39
517 915
468 845
30 302
246 1104
765 151
818 432
487 162
1000 277
460 1020
800 937
39 619
476 669
863 692
940 316
803 861
792 930
114 332
551 372
1025 539
701 117
692 797
981 835
709 1086
39 741
87 686
335 775
434 416
241 790
413 290
633 566
404 319
111 377
1026 98
351 278
278 921
840 431
70 181
1086 541
541 331
193 270
302 269
790 452
484 9
876 251
560 755
87 499
417 546
1118 134
857 955
858 638
1006 742
1114 280
534 158
631 542
69 702
643 387
384 149
381 1108
1104 86
755 609
182 904
460 899
633 652
762 371
279 716
67 688
335 143
875 1036
368 976
847 870
601 556
681 373
332 1091
233 433
15 568
86 311
1072 6
847 4
57 650
517 144
1036 806
728 322
904 1068
997 260
689 874
472 642
1023 1056
455 694
368 229
153 969
721 437
863 558
534 1046
802 588
349 830
1056 794
844 629
560 480
278 358
290 249
319 674
721 423
475 1009
381 513
733 64
80 265
78 410
1091 604
694 948
531 812
434 146
70 999
694 352
755 624
463 362
302 7
144 708
1054 1079
117 23
1118 912
632 58
30 949
221 983
161 592
264 526
709 32
713 591
35 907
241 916
986 398
812 201
932 1050
14 427
556 533
1043 970
433 76
970 527
381 317
162 772
631 511
965 1034
686 538
689 864
7 788
151 982
938 364
806 3
604 116
416 745
1118 286
163 922
1116 520
277 324
60 881
371 509
642 498
875 1021
674 466
579 21
658 160
742 1115
551 137
184 276
154 383
354 62
589 906
480 178
148 214
1086 751
440 646
349 403
916 10
884 682
818 1027
578 224
463 914
198 426
65 585
812 239
995 735
1058 684
846 123
875 555
707 691
153 236
16 333
544 823
323 668
278 298
302 1014
822 936
821 871
794 737
265 837
899 42
869 606
946 739
1036 866
387 357
69 996
1014 730
946 634
946 244
160 746
741 726
831 306
596 1061
478 242
67 90
997 254
432 945
30 388
449 234
596 1051
108 1074
122 1041
36 815
272 975
270 159
114 675
39 120
242 984
81 31
376 52
513 683
375 310
120 252
1041 207
904 776
881 420
826 453
310 95
149 761
967 1102
726 598
853 852
521 170
494 166
364 877
199 438
219 346
643 1033
356 599
543 704
137 232
478 793
148 856
277 339
532 238
146 348
349 766
301 127
404 530
265 958
834 525
744 549
858 545
301 247
850 360
844 1032
26 848
753 402
219 980
239 366
199 548
531 519
514 1087
383 820
1044 135
41 734
837 250
642 571
899 391
708 18
120 954
148 1060
375 211
992 569
792 145
695 771
158 97
721 436
809 303
871 1077
291 29
344 61
445 305
366 747
352 459
410 343
957 602
843 89
1074 222
39 1070
290 91
868 902
876 370
146 1059
1074 994
367 336
903 950
163 1098
852 764
1017 192
915 670
52 342
474 282
932 714
734 1110
431 905
790 607
276 644
42 972
831 341
398 107
646 557
362 451
976 665
714 454
753 157
525 1078
815 678
311 978
477 699
694 910
592 138
675 44
158 528
138 660
843 1004
806 77
762 612
902 608
642 261
856 985
265 516
527 860
755 173
983 1010
812 79
270 603
852 329
608 719
776 1005
772 925
475 1088
695 235
181 649
895 547
332 1012
835 584
612 491
364 104
170 627
591 1113
306 941
772 155
638 308
487 330
420 124
528 810
598 586
28 711
984 75
333 773
661 827
149 334
1010 33
642 105
135 626
403 717
61 51
542 890
145 878
23 552
776 673
466 128
334 931
863 393
995 540
624 409
764 271
114 168
310 1083
431 865
886 615
682 900
765 396
1056 636
745 505
360 693
632 1018
692 581
117 313
225 614
474 867
837 1013
1098 989
854 292
989 500
1004 1038
859 757
155 17
298 94
341 50
611 300
138 842
270 46
331 583
915 605
451 259
325 537
342 908
426 289
128 1028
235 836
199 485
457 430
751 977
1060 1073
1115 424
41 99
298 419
1050 172
396 567
941 653
159 139
650 365
925 621
787 394
844 378
747 736
1032 482
52 929
950 285
360 731
313 523
865 497
947 100
983 187
540 288
105 1084
1060 595
95 723
286 227
90 461
426 156
67 811
214 267
951 648
79 891
472 1022
787 136
100 697
881 309
592 179
558 1065
771 243
1027 953
937 561
914 338
466 2
520 582
331 807
741 651
773 1069
599 935
878 851
170 118
567 832
642 248
1033 112
289 974
346 363
6 12
267 355
433 942
99 838
432 397
807 754
310 1101
79 353
684 177
513 625
746 506
851 645
1110 1099
432 1094
104 45
1041 971
746 237
250 129
160 386
1056 706
1068 944
1099 909
930 729
737 617
585 213
4 882
595 610
459 563
1088 408
604 435
949 462
29 71
173 1003
931 471
1068 635
686 961
598 197
213 469
365 400
118 106
528 849
989 927
557 297
211 414
566 887
1051 481
424 315
222 392
305 109
866 327
761 768
921 113
909 814
338 720
528 659
720 825
396 210
950 130
270 284
158 616
549 470
772 296
877 458
971 892
370 923
9 879
342 142
1101 799
651 1076
659 263
547 27
1060 340
137 939
123 1071
1108 722
107 917
497 406
31 677
338 85
402 82
236 1045
7 833
254 256
254 102
482 594
12 796
659 655
50 226
1036 47
629 769
961 196
61 590
668 1111
982 422
179 167
582 405
877 685
201 666
699 703
769 200
31 96
533 385
397 141
136 1107
423 188
336 515
422 782
31 553
860 593
866 816
644 873
648 314
557 1089
459 613
85 705
188 883
588 103
47 901
887 66
242 740
879 828
726 959
436 885
1084 307
890 212
939 1080
343 760
284 763
583 164
166 131
131 630
97 1067
172 966
760 425
1080 1001
989 1015
607 1090
394 382
75 1109
673 700
7 293
329 919
105 600
836 1057
505 987
166 738
1080 190
173 623
699 320
592 654
972 175
603 690
1041 1047
1045 784
339 228
327 1055
516 1024
409 618
298 68
364 570
941 176
1057 215
935 479
1087 785
782 620
75 119
607 283
234 841
885 993
334 960
298 774
436 504
620 801
179 230
703 186
120 195
1032 798
842 1064
593 888
771 587
782 13
836 710
105 687
66 855
327 467
164 492
980 913
128 101
310 321
170 489
785 559
1098 781
298 205
710 777
360 791
670 896
305 725
1004 680
901 696
489 667
774 657
626 185
314 808
1057 770
190 465
1090 795
939 1106
774 1119
393 281
1073 804
828 963
571 880
515 412
327 22
811 1002
593 443
46 962
244 512
1098 973
244 893
636 979
561 442
50 750
435 11
977 562
259 724
101 411
173 19
602 217
725 273
648 326
1088 361
156 576
250 5
828 1053
97 640
815 1093
205 223
172 926
378 758
329 819
793 918
22 206
888 872
700 328
386 150
248 911
784 48
360 253
112 898
683 295
465 501
700 169
776 389
771 1016
557 216
736 59
1109 829
176 749
516 496
1024 115
397 1075
770 1048
941 718
288 1007
610 133
880 1097
519 1082
659 502
366 450
197 34
1045 268
896 934
978 350
959 1092
34 121
1094 147
133 140
781 928
993 990
282 379
740 663
243 359
1055 752
1099 74
454 37
795 407
1082 258
576 924
309 110
