3000 10000 10000
3619 5612 5616 5754
3945 6336 5775 7726
6208 5686 8834 9928
1822 5358 2640 5705
5736 1620 6448 3750
3344 8180 9737 8212
4433 3859 4512 3870
2160 7080 4427 9984
110 1764 8175 3336
408 875 912 7224
3880 5808 5028 9416
7853 6141 9821 7740
4960 2240 9752 8162
3156 7417 5419 8002
2740 3900 7660 9072
3652 1840 9777 6906
3780 3102 5387 9299
4428 1478 8892 9136
6656 1778 8599 2348
1015 2922 8550 4040
2160 940 9303 8144
4643 3295 7568 9290
4169 3506 7140 9889
6333 3146 9288 5638
1761 7160 2800 7268
5488 1555 8004 8774
8397 5634 8788 6856
915 800 3482 6792
4935 6358 9505 8651
6480 2752 8830 6255
1152 3430 9952 5514
1594 400 7918 7115
2552 1480 5224 6378
3572 6405 5077 9312
1472 2073 5900 4896
840 548 9470 6994
7394 2426 9082 3075
9070 1577 9689 6370
5456 1335 5522 8070
500 1832 2624 8389
3576 1052 5500 8856
1726 2100 5040 9590
5540 6725 8675 7120
4227 2100 9857 9473
2906 1234 5583 4480
1644 304 1656 2109
3692 711 4450 9484
3592 5767 4165 7235
5342 3256 8663 5040
1968 2188 7436 5560
5250 5128 7252 6174
588 8703 4474 9296
7132 3656 7399 5520
4176 2072 5824 6659
1944 9305 9776 9610
1415 3114 2720 8265
3030 7020 7990 9392
4790 718 5440 1008
304 5500 8620 6869
306 2658 7605 4378
4964 1571 8220 7620
3014 2222 6109 4570
1624 3061 7368 6848
765 5800 1796 7836
4321 5728 8118 9936
393 2980 2578 6451
2536 4984 4545 7800
8480 2617 9084 4380
1328 1566 3900 6403
2190 6798 4502 8476
8312 3038 9500 6958
4730 364 7360 5300
1600 2880 5940 9250
5284 2330 7512 3206
5198 2130 8559 6704
1525 2781 8778 6396
2442 2296 6364 7624
5210 4472 5971 4990
7275 2316 7413 8800
2881 724 7732 9890
510 630 1300 4652
4592 5153 5132 8116
5374 3600 8281 5440
112 396 2276 9712
3672 3134 4449 9526
3080 5128 6380 9830
1315 4083 9360 4843
649 2912 1316 3090
1212 496 8882 4028
1412 5946 6036 6008
4710 448 9345 5530
1586 4960 6838 5760
6658 3120 7848 6675
5600 197 7535 9264
5440 1180 9331 5220
6966 2360 7330 4977
8200 6343 9350 9827
1179 120 6158 3604
5548 3940 8221 5320
3255 2932 8800 4575
2442 5144 9170 6715
800 3984 7740 5582
765 34 9021 8561
1150 1700 9012 8186
5300 611 6704 9346
336 1488 5054 6058
3660 720 8432 1175
3824 5100 7345 8100
8818 2556 9050 6680
3016 2625 4983 9360
2444 18 9676 6352
5147 5790 9316 9680
2598 4991 4440 9856
176 760 752 7314
8164 5665 8244 7337
4764 2150 6200 6196
1920 2602 8776 2774
2069 300 6568 8544
3636 560 4998 6368
558 1264 8386 7372
4168 5376 5548 8428
2034 3790 7491 4965
3550 3620 9770 9179
550 6050 4947 8850
3844 6001 4954 6075
8368 6171 9252 7977
2180 3000 8386 6532
266 1700 7827 4200
4526 3125 8956 8737
3516 152 9166 7840
2976 2980 5630 3260
8466 3410 9802 5480
695 8640 3420 8864
287 3059 2104 4551
250 6572 4360 9455
2013 6136 4685 8184
4300 980 7964 8790
7500 3644 8442 6742
3440 5906 8596 8326
6616 8940 8047 9696
9696 1759 9734 2912
3690 3114 7660 3510
282 4731 7446 7811
1838 3470 3934 5480
1485 4520 4034 6832
8167 6875 9934 7058
1000 1886 5608 8573
2776 6726 4197 8897
196 2692 1100 2922
2096 2290 2788 6250
1302 982 2371 4380
3543 5844 5586 9414
1790 1718 5591 2718
1856 5782 7802 7080
2770 8834 4464 9780
2034 4568 3025 6320
3219 2180 9580 5691
4942 4115 8237 4672
8150 980 9979 8065
3403 1580 5168 7980
7832 1936 9640 9206
965 340 6402 8971
6311 3408 6710 7484
3302 1598 6077 1635
5300 4350 6517 4794
1888 1610 7740 6786
6635 4064 7104 9315
3691 8221 7868 8749
1231 2075 3525 2088
1658 2966 6009 4771
3200 3490 8032 3704
4106 372 5920 3120
1612 840 6361 5160
7031 3895 9932 5334
2320 2050 6745 3840
2014 1226 6932 7312
6690 510 9720 5107
2455 160 8920 893
4315 663 6600 7801
4430 4500 5488 7696
356 3600 7811 7140
3346 9206 4192 9522
7024 6582 8608 7280
2134 7393 8640 9958
928 1680 7884 9430
5180 3246 9148 8875
5889 4344 8710 4900
920 9330 7379 9720
1218 624 5280 7027
4232 8256 5105 9402
99 7577 136 8667
2756 1151 7087 7130
112 5286 1030 7924
711 1280 2939 9470
1336 2896 1950 8838
3388 400 7368 7084
3009 5912 9496 9960
2101 8118 7475 9389
8378 6212 8961 9328
100 179 6280 4763
5902 758 6960 1965
920 3392 4362 6997
4383 6529 7048 8080
2669 7260 8872 7750
7050 7476 8254 7732
1932 2682 4654 7852
7645 5774 8488 9870
4884 6135 5858 9428
4320 690 5942 980
1087 3150 8620 3836
4666 3198 7382 5922
5035 1542 6442 4056
448 2225 1760 5820
7133 5270 9576 7240
2040 7557 8090 8816
1764 1792 9456 1876
1016 2118 1963 4736
496 4000 5387 7548
2400 6415 8300 6880
1063 3040 3275 9760
248 2655 2142 6003
1432 2036 7769 2902
1153 1900 6944 5950
1029 5260 7420 9345
404 4099 8896 6832
1047 2300 2048 5846
3500 3859 4800 9119
600 2432 2466 3782
29 2747 7405 8098
6202 4099 6604 6896
3460 652 6742 1869
1674 700 2531 7296
1992 54 2997 1991
8512 2701 9096 8377
1443 5972 2150 7020
6555 4260 6928 8810
2846 1508 7504 6025
3256 4380 6494 6468
5238 6303 8575 6440
4640 256 9300 1636
5435 1012 6894 7370
4207 7126 7700 9096
532 2900 8764 3360
3760 890 3954 9734
200 3092 9770 8916
2843 267 3764 8877
4501 918 6920 2200
3544 6910 5417 8875
1725 2216 1728 8554
9000 4090 9228 9850
1680 7736 4829 8816
7867 210 8893 6510
1728 1643 3688 7880
3863 2908 5570 3560
2840 5300 6100 7760
592 5500 5120 6451
1707 2775 7780 5085
1961 2640 4275 7951
7133 1160 7344 2719
6732 4670 7250 8870
3523 372 8137 4984
914 861 3576 7680
6082 1880 8608 4552
2798 2168 8812 2260
4668 7260 8450 8136
6080 1646 8733 9576
8660 9153 9744 9536
6110 346 7332 8892
4932 4308 6767 9800
2132 2044 6848 4338
692 8788 5543 9792
791 4948 9056 8344
634 2360 1218 9882
6256 1216 8312 6628
1878 743 4050 7578
1002 2580 4560 9826
2913 2454 6972 7025
2265 1220 5860 8160
7930 2705 8784 6751
603 646 2836 9885
2572 5007 8423 6080
2002 2039 9271 8856
1872 435 4428 4160
399 5040 4114 9976
6200 7496 6512 9531
970 11 7200 2950
7086 8760 8731 9622
3298 620 9124 9552
5280 1600 7002 2934
370 1149 7615 5654
928 2570 4172 7211
2779 885 4632 2026
4341 3450 6244 6999
347 1564 5859 2138
1328 1540 3242 6958
2980 365 9244 5579
5245 6585 8246 9296
2508 6018 8700 7044
7948 1770 8476 4740
4225 404 4950 9718
6545 432 7313 5950
1294 2056 4840 9163
5504 6150 7600 9714
1850 3376 3658 4450
6778 5277 8212 7461
1440 6084 7198 7264
3171 1375 3398 3062
472 4032 6016 7480
320 1518 6277 4032
4280 4650 4660 7952
3684 3580 6608 3660
3277 440 7640 6570
2932 2210 6164 6200
447 53 3936 584
3856 3828 4992 5149
1675 5718 6244 9490
1272 2484 4538 6611
72 800 7972 5720
6186 848 7308 2428
2520 4676 8246 5150
800 2000 6100 5673
6480 1816 9556 6119
2000 6500 9480 6606
3755 5348 4552 9296
1585 736 5512 6136
348 4800 2060 8744
1020 1920 3881 9296
296 668 2708 703
8280 4454 8656 8140
5941 5248 7850 8352
8040 1516 9000 6822
6647 156 7164 7156
2244 2940 7778 9542
4106 343 7475 6760
1936 2622 3776 9795
396 7394 400 7550
745 939 6566 9882
1070 922 9880 2746
283 2914 2448 6768
3685 387 8985 7924
1544 1970 4322 2409
3994 2144 5706 6740
326 7912 3500 8815
960 428 1894 4774
1663 1065 7920 4189
2980 6300 3860 7500
8244 3676 9957 6688
3136 997 5305 4640
5827 4718 9672 8691
1374 5064 6420 5416
5686 4858 9980 8584
4608 4825 6448 8643
3648 126 6573 900
2960 1315 8114 4242
2724 5598 3930 8552
4712 19 9669 4245
8589 544 9029 5803
1796 5555 9992 7450
2374 2655 2506 9457
4105 7896 5481 9732
1770 2432 4560 9395
4360 2847 5025 8214
3067 242 5200 3347
1734 3340 2566 9428
7196 1671 9761 2540
2593 5329 6629 8316
3300 533 8648 3387
634 447 2640 7146
4749 8124 9644 8224
2150 832 6312 2660
4720 940 6750 9329
460 4576 9908 9260
3445 7732 7028 8656
1744 3630 3100 6500
3688 3804 8335 6525
2798 2449 3512 5875
330 6496 6613 7567
1758 1824 2630 4199
5542 1314 7168 5322
1040 5110 8800 9650
4072 1068 5923 2302
1068 4777 4080 9466
5675 1408 6815 4880
2825 1704 8264 2894
7535 3453 9652 5120
630 1993 1328 5642
2537 6455 8470 9477
2360 3496 3415 8446
5542 1296 5812 4280
2032 5475 2500 9856
2867 6347 3054 9702
467 2272 4975 8202
4830 2456 9112 6854
6120 1280 8764 8430
4775 4487 9250 7266
3213 1844 6480 6572
8416 5120 9704 9328
4168 4500 6530 4920
2112 6920 3576 9980
5644 784 9790 4914
314 1556 5236 5252
6684 1360 8361 5663
1097 3216 2928 3664
4391 1221 6617 5020
4274 7520 9484 9449
6295 1521 8252 6102
76 4717 8076 8620
2565 1840 6968 2032
3720 3000 6650 6036
2996 3808 9558 7212
3120 2839 7065 5048
4400 2060 9075 6280
4703 2149 6916 2232
3438 325 4510 7598
5372 4950 5600 7356
628 3249 2390 9340
4848 3884 9840 8330
2040 4624 3952 8056
5520 2745 8621 6162
7792 4424 9620 7407
2464 4598 8232 5575
3254 4344 9054 5888
7700 3790 7776 6726
2752 3477 9920 3940
1944 1376 7610 1848
4152 750 8118 1528
1132 1742 5256 8796
979 148 8140 7098
265 584 4770 7003
1566 2117 2780 7651
5345 3868 6212 7500
6125 112 7555 8542
2054 3760 7881 8125
5541 2281 6572 3365
3030 3998 8830 6294
3500 3312 6520 6005
1220 6684 4272 9900
5676 332 5905 1800
6205 7836 9951 9787
1820 880 3200 6880
5280 578 5336 9724
1424 3108 8876 7228
650 52 678 3692
2080 3558 4821 8674
2280 6790 4000 8672
772 2729 9499 3328
2749 0 9620 2105
8000 5032 8813 8196
3666 3284 6164 8814
790 4504 1280 4727
560 122 4307 9853
256 576 594 8563
6230 4020 7526 4652
359 2020 5390 6797
376 6542 5358 6997
5080 520 6288 9131
700 2026 4840 9936
570 368 1130 3461
7324 1025 8164 7360
960 5042 7378 6250
7300 925 8600 7780
2550 75 6103 3417
4424 4896 5964 9016
953 6240 6825 6600
4422 3313 8040 4935
3361 6412 8320 7850
440 4320 1338 9404
2316 1477 5376 2528
6255 4785 7440 8506
8512 5495 9275 7380
3018 4520 9944 8820
5246 3876 5712 5300
7070 1084 9852 7125
5861 3336 6293 7496
5002 336 6480 2700
8018 848 8136 1571
67 5816 7594 7040
4236 3750 5846 4100
8120 1454 8174 2364
5712 6617 8148 9500
392 6925 8980 7454
3940 5077 8464 9240
2600 2048 8075 7080
8336 5080 9015 8275
3248 1310 4320 6510
2010 3873 5200 4062
1776 5732 2150 6356
588 4085 9758 6608
3957 2072 4908 7910
8860 5058 9446 7814
2536 6717 3900 8189
1185 958 4780 8510
2836 1980 4409 7108
900 4256 3042 6816
5815 9160 7024 9648
2512 60 6890 8800
4890 3892 7568 9640
1552 6286 8381 9747
5160 268 7655 9840
3664 3118 5022 6988
2456 1470 4349 9725
32 944 5200 2453
298 5500 490 8240
7420 6823 9295 8944
5112 382 8142 6564
3314 7799 9910 9741
1054 4332 4649 9903
275 114 3644 1579
1552 3614 4231 4791
3709 1976 5786 2768
4200 2736 8858 3088
176 4436 2718 9260
5322 4200 9350 8565
1356 3516 4120 9676
1450 6000 7688 7840
7470 5492 8580 9104
390 4294 3954 7324
3263 1500 8280 9440
8689 9191 9260 9800
5920 511 7205 8032
2051 2456 3730 6496
990 1068 6139 5830
4279 722 5228 4440
3567 1660 6188 4310
5860 8517 6786 8968
6244 8190 6689 8600
3556 2092 4316 2916
5446 5071 6552 8984
3447 480 8802 4450
3658 5325 7534 8216
5296 4549 7860 6920
253 542 650 6125
4280 1089 6928 6464
2410 4516 3340 5116
815 2624 1792 8456
3593 4818 7555 6752
2094 2992 9350 9960
5027 9162 5910 9955
1244 7364 2796 8264
2209 3224 3060 8475
5950 2360 8180 8936
2454 7271 4005 7944
3002 896 6080 8420
4093 3152 4975 6960
3880 7760 4203 9802
3156 3904 4958 6315
5646 1862 6740 7460
3685 5760 9318 8799
520 5490 683 5540
3910 3502 9205 5982
2405 7240 9189 7692
158 3454 336 9748
7951 6000 8330 9212
888 227 9140 1080
146 136 8555 8992
418 4572 9447 9554
2672 1300 7362 4672
5364 3324 7872 9800
1386 1372 4676 8000
3340 2580 4135 5620
2110 3845 4266 5498
4984 2640 8552 3100
5186 4768 5696 8096
7090 1740 9324 7120
976 870 1652 7000
5103 3536 5800 5216
3972 1000 8724 6665
2406 6856 5444 8932
3408 6462 3530 6996
3500 3700 5472 6250
1760 1510 6789 9320
3200 82 9400 848
1973 1830 7696 6350
105 611 5040 1927
3156 4053 7900 6504
1567 6090 2059 7333
6610 4750 7700 9280
4576 3187 7212 3241
172 2174 8429 7564
1216 3394 5185 7368
2203 6352 6520 7812
2720 1051 6573 3210
3728 4436 5408 6649
3040 3729 9845 6863
2768 5776 6968 6827
3877 1140 8896 9697
5534 5259 8040 9120
1247 5234 3613 6832
1924 1180 4075 1278
6400 4200 8864 9304
5552 220 9610 7696
804 2938 3538 7319
1360 851 9176 7480
1616 4888 5420 5856
2208 3975 9512 7333
331 1133 3114 5504
4880 5006 5076 7030
5168 2704 9856 8430
4715 4306 6452 8187
5302 4874 8832 9949
1505 5285 3525 9060
1910 3150 7040 5320
5764 5310 7200 5857
1179 1984 4720 4450
728 520 6176 926
1872 5880 4990 9642
2739 3242 3696 3858
980 2113 2310 2656
2296 496 8920 9210
2480 6040 7792 6900
678 4210 4600 5884
3500 3875 6910 6884
560 4434 2467 8575
5424 1292 5968 1474
2378 1920 3539 6520
115 3975 8247 4766
2435 4897 4458 7260
4382 2328 9625 7784
1312 2832 8316 5728
315 6710 6415 8705
1367 460 8384 4422
2656 2761 3355 9032
2433 1743 2720 2808
7842 2262 9424 8794
648 1200 5306 5106
3956 1905 9752 9800
527 2145 2300 7036
2816 4727 6280 5900
4694 3338 5352 3482
986 6030 9636 9064
2500 2109 3879 2135
9177 7660 9828 8723
12 8150 8752 8440
4480 2456 5847 4392
736 4428 6480 9488
5501 1792 9928 3330
5365 4180 6500 6252
2432 6433 5176 8972
4916 2746 6820 7170
2550 2900 5076 6050
730 1849 1161 3912
7416 5625 9978 9262
342 2067 3320 5236
4312 568 7356 6993
500 6978 8025 9599
2208 750 6006 1431
332 1622 9681 5648
7758 4440 7894 8940
4080 2880 9570 9618
3588 4480 4932 5168
7500 2680 7808 6652
854 4302 7815 9701
2263 4560 9917 7099
7752 3550 7970 7744
5326 3900 8789 9254
520 3962 6924 6024
1906 96 3280 9330
4480 2907 5424 9082
183 1060 1446 4760
790 4165 1668 9400
648 1152 1240 4980
3045 1489 7505 3160
2546 5680 4345 7710
2418 9372 6488 9923
3309 665 5696 6484
7944 5142 8570 5521
2484 1747 6365 8104
4050 3912 9288 4914
5510 6720 9580 6800
3593 2525 5256 2624
3030 2625 8497 3589
517 1900 1766 8496
2008 4192 3407 8896
5828 4770 7416 9043
1618 3602 6896 7600
2146 207 7515 3920
210 4151 1295 7672
2400 1334 6135 4640
8732 0 9846 9312
2482 1920 8178 5570
495 8246 3908 9882
2976 4642 7625 8496
2643 3455 8316 9348
4385 2609 6764 7130
5748 6112 6360 8000
6036 6160 8720 8124
1318 4642 3704 7848
1700 6050 8180 6535
5712 8165 9780 9943
2912 4534 4430 7829
7616 2290 9357 9100
630 7696 5200 8698
3360 3680 9874 7924
8376 2339 8755 8002
1632 4838 4210 8655
1546 5960 7760 7737
2688 6147 3362 7276
6315 3650 8600 4110
4790 115 7392 1328
768 1730 4811 5516
4664 5161 6557 5636
4996 304 8886 8386
3840 7168 8680 7288
2190 548 9586 5060
4368 7328 6460 7435
7209 1011 9772 2102
5346 7840 5916 9000
5532 1370 5804 3260
6870 4280 8846 4645
5512 8171 9450 9005
3550 1483 6048 2320
3114 1661 7000 3838
224 99 1064 6525
975 2674 7893 6777
807 4674 9490 8042
928 1632 7520 4743
9125 3103 9600 4980
965 3008 3439 9664
3895 147 5675 9888
6845 4423 9800 5168
632 478 8750 1605
2730 3920 7825 4580
3628 5813 3789 9601
3216 2228 7036 7664
194 7624 4708 8823
6674 265 9400 314
4275 1756 5632 3352
5645 8610 8137 8845
2815 3671 5076 8558
2385 6539 3040 8800
6944 994 8281 9792
6783 1504 7556 3892
5504 3448 8902 9050
1362 5664 5170 6935
688 3185 9032 7505
4096 630 7880 8394
8709 3082 9690 9762
262 87 4757 3132
9175 8499 9917 9051
5794 2260 9260 3724
3401 2084 6227 4530
2645 4255 3165 8530
3340 3200 4468 6020
1827 6330 7315 6388
740 7530 8822 9560
1456 3424 7990 5581
334 1266 4484 2414
3762 9408 7010 9529
1024 7 7672 2530
870 1067 8384 4128
1778 2616 3600 5224
2600 848 4552 2630
4056 7227 9550 7687
416 4992 2209 9491
4704 3820 9053 8032
2280 8416 8532 9395
280 2306 7182 4452
2664 6561 4160 8386
4154 2039 8253 8300
5404 1900 8822 5170
7190 7328 7408 9731
4090 4432 5950 6318
1609 5314 2320 6456
3460 976 8726 2420
5230 2264 5394 2380
1440 9630 1600 9661
2968 1232 3936 3664
7160 3370 7785 4712
6465 3296 9260 9978
2111 4128 9610 9732
3506 5416 4568 8784
1049 1065 3812 7500
736 7616 6337 8568
1650 5506 3340 7450
8464 2944 9819 3736
3792 2628 9944 6507
7813 4612 9266 5545
520 222 5188 7833
525 4950 754 9454
1586 5856 7981 6260
6591 1056 7896 8875
8116 6814 9880 8498
1376 3832 2120 8600
1152 600 3008 9800
1664 1456 6204 7700
4151 522 8288 7405
1808 3005 7367 6169
5628 2272 6033 8640
3538 1136 3948 8112
136 3035 2247 8110
3714 1370 7413 5965
3750 1776 7125 4939
6114 260 6640 3338
6100 4572 8800 7706
1379 2672 5157 4920
4976 2631 6082 8960
200 4576 936 8404
352 4098 1871 9984
3474 4460 5160 5508
3676 1037 8650 8222
581 3920 6616 5504
1463 3571 2946 4548
3520 3055 6075 8862
6260 2436 6608 7328
3544 7371 7576 9871
6788 414 7647 9713
5105 5736 5752 8922
1504 3222 3240 5000
1552 5948 9382 7976
528 4344 8120 6518
227 3323 5009 5852
810 4384 2072 9305
5254 450 7743 2838
8856 1430 9089 3484
301 2672 5940 5928
5936 5776 7875 9730
1740 2660 6148 2985
3558 716 9472 928
4653 6394 6230 9504
2648 832 4320 3183
4700 4094 6389 6922
1086 928 9006 3520
842 240 5328 9632
3396 7876 4460 8918
7160 596 9330 1248
3441 773 6646 5160
565 904 3865 8610
1030 2884 6849 7128
660 1479 2261 7572
1830 6042 2615 6194
2505 2232 9733 7190
8611 5263 8936 7840
30 1450 5425 4588
1706 5514 9155 9688
3304 1080 8720 4262
3728 33 5968 6670
3875 5216 4600 6224
7036 600 8976 5900
3070 3375 7195 6259
5576 1736 9240 7112
566 2768 7704 7250
864 5278 5312 5826
1610 2140 9445 7279
1102 1408 6316 3872
4892 5162 7155 8688
552 5087 1690 5703
361 519 8750 9575
1490 2563 6173 6543
1248 2190 1760 8939
1370 8020 1996 8356
296 8925 1564 9088
80 8948 8616 9720
1448 6458 8396 8810
5217 4748 8912 6630
84 1236 7856 2660
2398 3160 5864 7677
2480 1673 5200 8952
514 1156 6980 3956
3762 4350 9877 8256
3480 2808 8155 5232
6366 2324 9590 8765
5582 1593 8160 6250
4854 212 8780 9974
6610 3696 7098 9500
652 4094 2132 4804
2640 2537 4129 4649
1940 5012 8154 9923
7550 1400 7796 6468
3850 40 7474 6281
1120 1944 2640 7883
5728 266 7588 3272
2980 400 4247 3724
2822 1330 7116 6260
4243 926 9873 9380
833 7555 5273 7768
5580 4370 8870 9392
2798 98 9814 5925
4393 6430 8676 8756
4719 4132 8312 7570
2270 1764 3136 3000
924 1132 2660 6720
5812 5536 6304 9550
56 7452 938 8252
2767 780 3356 3155
8441 5718 9242 5952
6653 1568 7130 2230
1026 1779 9640 5850
2800 2236 5887 5226
6982 6952 8388 9732
333 3960 3248 7421
3260 5516 3507 9650
4000 4692 6044 8196
2544 2209 4177 4296
1645 2391 2014 5465
5420 4005 7310 7478
2512 1676 7544 8656
4676 1921 9928 2232
5398 1060 5920 8541
1362 4192 2192 8184
9632 6465 9784 6928
4350 3363 8976 9508
600 4712 1064 8260
5200 4369 9125 9552
3090 8239 9513 9170
3710 4650 7852 5935
1738 1116 4000 7880
207 480 5645 5335
8078 3760 9322 7682
2176 4961 3060 9205
982 2984 4340 9065
2969 3978 6288 9120
5510 5306 8154 7864
2305 2216 7568 4620
4406 640 7060 9262
6500 1787 9088 9557
726 2840 7056 9130
4120 4159 8882 8825
1848 928 7024 4141
2647 2421 8160 4102
384 828 6944 5166
515 2020 6390 2988
256 6460 476 8024
3153 951 8256 9870
720 1870 4912 3420
1029 5860 8888 7941
6240 640 9263 3685
4475 4760 9558 4930
3877 7504 9930 9390
4624 551 9462 7038
1764 1368 9520 3600
1276 2671 7117 8749
100 2936 838 3408
720 2313 2372 9592
5348 2156 5616 9565
6500 3670 8050 4363
4032 6010 8800 8882
28 3193 1624 9504
3244 3077 6884 6091
4680 4315 8225 9120
3616 2655 4000 4416
6150 4934 8275 8554
1887 6020 9260 8259
4226 2008 4880 7500
4954 4322 8214 9976
2275 3422 7534 4638
1440 5249 1875 8376
8460 4576 9926 8792
5680 5455 7224 7358
4216 3416 4811 9556
1276 7963 7598 9000
871 4310 5482 8096
3637 6840 9523 7944
3552 2576 8662 8340
1760 2583 8384 9479
3280 2823 7480 8945
2695 236 9820 9030
2366 3950 6946 7032
2822 2310 4136 4682
4575 6132 7104 9920
3733 5003 7495 5145
7228 2000 8160 8750
1312 8168 7940 9320
358 252 604 2128
4175 306 6176 537
1575 2380 9740 7890
2633 1088 5584 4720
2160 3950 6336 7500
1137 2114 9350 3504
4685 1616 9970 4429
2896 1612 7784 2372
1520 4384 8048 4575
1975 4984 5253 9088
1534 2256 2282 8667
3190 6248 7364 8114
0 5891 520 9938
2410 6759 6760 8962
546 2584 1547 6688
6708 7230 7355 9096
427 4325 8922 9879
4870 464 8572 5726
7453 96 9112 2010
2576 4039 5315 5641
420 3680 2454 9615
2530 3250 2656 8280
1122 3180 1375 3268
1605 8864 2548 9295
1308 826 6475 6847
3928 1309 4380 2180
4712 3707 5617 7336
5088 4364 8064 5730
397 7336 9944 7868
1648 100 8729 585
1216 4429 9475 6200
1120 4776 7320 9824
8182 956 8458 9811
3494 5300 4096 6196
8405 1022 8511 2572
4464 3040 6840 7610
446 3772 8003 8014
1770 7276 4420 9363
1148 4470 5850 5232
2312 2948 8780 9184
5096 2035 9656 3088
2265 8515 6332 9856
4168 4075 6552 9784
1890 1600 7858 4000
8010 1940 9156 8063
6998 6863 7625 7202
1179 4970 8085 7155
586 16 5925 1935
2911 4805 4472 5532
5390 4125 6292 7059
3440 6884 7544 9124
2970 3660 7675 3668
6865 5513 9450 9655
4660 5536 7839 7332
664 1143 768 7552
9334 4834 9988 7520
925 1471 1700 7740
4790 4308 5307 6310
1212 5755 6195 6592
975 6980 1867 7520
35 2048 9920 2852
9688 5760 9837 9612
2375 6700 8466 7340
1169 2616 4900 2658
2520 1328 4076 6331
1552 1801 8652 2642
8388 1940 9264 7388
1495 5600 8800 7080
376 1945 3773 6494
200 2325 5553 4683
1760 4092 5829 9546
5831 932 7013 9561
4560 4072 7528 6823
1853 2525 6426 3776
2826 4050 7754 8980
2948 1004 9184 9343
5250 6784 7936 8960
720 4736 7166 8505
1522 1337 1816 2872
1900 1670 3714 8805
3202 5440 8290 8813
4784 1600 8608 7961
1216 2450 9596 7900
6942 920 7090 6551
2680 6326 9071 7893
822 1096 6300 5580
6051 4105 6830 4382
7401 2577 8152 6230
6050 3591 7291 7410
1960 2992 5844 9212
1996 70 8190 5760
1182 1670 2706 9980
5664 3800 6048 6417
6901 5268 7921 6028
2859 6586 7940 7192
5125 3132 5340 6167
1858 3279 9500 9976
4422 784 8973 9760
6447 1947 8358 3514
1164 3825 3236 4055
1080 1728 3259 7372
9080 662 9550 8772
3280 3671 4000 5200
200 2432 442 5658
1948 3124 7080 8219
1072 5228 8972 9040
7330 610 7820 8568
1705 1061 7234 8135
5400 1256 6166 4592
2434 966 7280 3360
3160 4076 4847 8996
4850 7953 8753 7984
1800 2656 2186 7461
2704 6237 5597 9727
5478 650 6488 9973
1275 1326 8989 5612
4180 3528 9096 9988
4278 3941 9370 5250
8732 5967 8976 9026
2102 3200 7738 6304
1271 1575 2139 4375
4090 1503 9175 7270
3390 2032 5552 4788
7702 2990 9117 6436
6192 536 6260 3234
6277 1035 7878 6463
4159 2320 5904 2750
3251 5376 7132 7904
1054 4279 9200 7400
1412 2465 5163 3986
6296 126 8042 5254
2598 2234 6041 6611
3412 1564 7390 9344
8360 3600 9135 4432
8860 3290 9637 3958
2692 1600 3348 6904
2440 2959 2450 5380
4376 6912 5805 7909
5722 8240 9479 8860
1245 104 2490 9131
675 4400 7232 8375
2527 6576 3292 8640
3314 448 7369 3804
2635 834 7872 5325
310 2621 6536 3466
411 172 6868 1080
1035 1136 7684 5540
7248 1040 9584 6341
1840 6180 7880 9480
3040 2631 4100 9498
4031 1040 9327 1404
4416 6784 9364 8100
1481 4095 8419 4727
534 6092 8112 6628
1025 2740 5524 9511
4145 5664 9100 5940
1096 8050 8474 8140
2153 1520 3750 5961
6050 1984 7908 8818
1650 176 2516 4790
342 2579 6229 9232
4726 752 6196 2532
2049 1497 9976 7040
714 5666 9672 7746
426 374 8506 5104
4384 2977 6222 4848
6378 5373 9610 7892
6564 1192 9960 5670
700 2291 4288 2850
4025 1440 9386 4584
6885 1700 7854 4464
4406 2606 5852 9382
4876 6000 9136 7126
289 3000 8838 4068
4430 6334 7776 8048
640 7224 2632 9342
1684 6652 4660 7104
2400 1112 7647 6035
4680 1148 7916 7931
220 3596 7180 8227
1472 4451 4612 4552
600 6638 9984 8158
5074 428 7060 496
2062 2749 5785 7800
3424 6319 8687 6415
4942 8470 6960 8726
170 2660 8244 8146
6040 1706 6800 4273
6896 4442 9060 6428
6348 1454 7405 3628
3548 1010 6140 4859
2815 36 3428 8064
9251 4050 9998 8440
3000 43 6700 2625
5116 5197 8070 8816
921 3621 4492 8770
2910 402 2975 8553
98 2040 8864 2623
1021 2184 9110 5140
180 4225 2772 9152
1700 7495 9210 8630
4416 1930 4500 7872
7711 4173 9632 8782
786 1230 9175 2226
3770 2575 6423 8280
2168 935 2842 1457
655 2112 2129 4576
3136 690 5640 6382
2167 4700 2865 5525
6675 600 7187 7352
2092 89 2802 2400
4268 856 8987 6596
1069 3248 5339 6061
2442 234 5406 5554
4632 7514 6620 8720
607 643 1466 7994
1347 3212 4886 9655
3314 1244 7685 3142
499 2274 8284 6149
6924 6926 7350 8932
2150 6886 6920 8280
6040 8288 6273 9396
4964 520 8440 1043
2964 5788 8577 8635
220 1058 9312 6575
2582 96 9814 2947
2660 568 4800 7162
5781 2212 8786 4960
3244 2570 5160 5962
3308 1968 6832 5590
828 1866 7232 7377
2161 7200 8683 7456
2348 2174 9468 9339
3067 3210 5156 3352
5514 4448 8251 7035
2302 4360 5040 8256
5365 490 6110 7710
1062 490 7018 4300
2125 2432 4797 7572
4324 2207 8918 5881
1090 7344 9396 8639
1453 9350 5703 9647
3925 2420 9905 2600
3560 228 8176 2368
1516 3592 5670 8664
418 4055 5280 5488
7410 325 8448 5262
5318 2740 7973 5112
6165 3058 9660 8327
7247 1366 7552 5305
5454 2884 6128 9272
6186 52 6448 2927
4149 325 9532 4828
5650 5088 5788 8508
4860 1686 6342 3350
1152 6999 2300 9167
4559 5536 9856 8841
8352 195 9880 4825
5180 4196 5543 8472
3498 3039 8554 9568
6720 608 9900 5881
2372 2504 3803 6040
3986 4246 8368 8540
4630 2955 9368 9750
4624 3845 6706 8879
9496 6419 9554 9068
1452 6522 2108 6551
1924 1770 8008 6798
1697 4099 3132 7354
5750 1340 7115 4050
7257 7408 9920 8120
6432 3392 9980 7135
2500 2389 6033 4976
7595 2450 9032 5488
5279 440 6744 4076
3090 2080 9583 8864
5242 6656 6062 8992
1292 780 2040 8740
644 738 6650 8815
3264 7550 4180 8635
2052 4324 9986 5231
1073 2436 3432 3008
6000 40 9768 4096
6760 4920 9463 8000
8504 6660 9620 9760
55 7921 144 8967
548 5149 4242 6023
3264 3778 6202 6462
2536 1968 3448 3411
151 6 1592 2548
2084 5430 3164 6244
2471 4808 5256 9028
634 871 1145 2024
2742 4380 6850 5430
4540 8107 7280 8687
6335 1630 7420 4038
4824 761 6848 8115
1543 4808 5480 5020
2368 3695 6116 7696
5185 1290 6680 7990
4150 7488 7966 9048
1614 4088 9104 9566
6119 5196 6789 8663
4482 5070 4992 7950
4240 5155 5504 5918
1700 6368 3775 9602
1180 2912 4220 9382
604 17 9730 8030
16 5016 9835 5360
1268 8352 5739 8465
6524 9491 8666 9715
0 2542 7104 3586
515 1134 9548 9631
6392 5137 7892 6630
601 974 4893 2150
3874 3964 4342 9525
8340 3453 9425 7002
2300 2440 6450 9404
2982 3355 6456 5028
3160 7565 7290 8086
4950 2017 5571 2538
7334 1236 9122 4588
220 918 9275 9008
7321 3977 9232 6612
6755 1944 7949 5825
4286 762 8912 4000
3106 544 8036 6760
3008 6568 4900 9585
2820 2135 6228 8725
468 2991 9696 9896
2434 4384 7056 7000
8024 1952 9885 4130
4280 3450 8720 6312
6802 1793 7213 6849
1648 8529 5105 9600
3351 1600 4026 8280
1816 3016 2932 5866
9415 2684 9875 8760
8418 7470 9648 8788
2913 1939 7008 7738
2835 931 6896 8125
1737 9248 5220 9856
3475 1568 5920 8912
6852 2544 9900 9728
4900 4135 9057 5756
3681 1139 8364 1420
3725 2477 6164 5236
6217 272 6708 2480
7839 4744 8250 9324
4296 53 6032 8700
1542 5230 8446 6500
2582 3460 4728 7249
6965 5091 9308 5940
652 1108 6760 9462
1740 4255 9597 9336
1572 6780 6446 8880
268 2640 4884 9748
8064 1072 9270 5104
5856 3941 6534 8780
5700 725 7208 1630
3992 8875 8688 9388
75 2480 6550 6985
7584 4130 8048 9405
6582 3267 7320 7610
1456 5228 8691 9031
5044 2903 8803 8215
7352 1950 8270 4254
2140 332 6309 7100
746 7224 4790 8576
7934 2580 8692 9550
5218 3549 7688 7592
1292 287 2112 9333
2760 4225 3104 9736
2920 8820 4777 9500
1580 110 7370 6180
836 354 9687 1468
3864 1031 5370 5270
6347 1584 9136 4742
3236 2865 4798 6044
2656 552 5408 2300
59 6644 1428 8428
5169 5672 7410 6930
146 627 8620 7560
3528 1800 3696 4317
4328 3580 8040 6840
470 1248 1585 7930
760 5620 9224 8756
4000 2612 9338 3175
3504 2759 4440 3212
190 6933 3127 9732
821 1672 830 9360
415 9432 4325 9640
7684 2543 7704 9080
864 4100 5445 4996
1704 2196 1798 4865
5469 1450 6891 4888
5270 519 8033 4776
3927 3816 6976 5840
8304 208 8919 1475
3628 717 9046 4168
4219 1574 7474 5065
6330 5964 6850 6170
1012 6551 5081 7174
1150 606 4908 6736
992 600 6400 1828
480 3984 1568 9078
4974 3720 9810 7216
5264 1776 8225 6334
6322 2975 9115 7432
2640 2228 7610 3311
2930 1683 6692 3882
2920 321 6484 3893
4194 766 9616 8865
484 404 7600 465
3472 5340 6960 7860
3549 2186 5631 5472
6194 4570 8198 5311
2355 3598 5780 9950
6548 770 9243 5793
1370 5184 5301 6272
2039 2500 2876 8994
7160 3824 9232 5364
1769 6520 3846 8996
3808 365 4990 3454
2000 1892 5716 7616
1176 9236 6076 9801
4687 1880 6728 2200
520 3125 8375 4320
5128 1490 5552 4840
27 5760 6626 7808
2101 2552 5624 5316
6060 5592 7769 6090
3636 1642 7332 4404
210 4878 5076 9236
6304 2166 6980 7435
4056 3102 5300 7847
538 1650 3633 8762
5722 1169 6641 8954
3968 2277 6083 5480
1050 607 8110 7136
4830 1728 6477 2031
956 1030 4270 5986
170 4108 8040 7236
130 2970 6086 3958
4650 1600 8996 3781
1650 5456 7764 8530
6250 2640 9152 4682
3142 6520 3535 6864
1036 2342 7842 9454
1782 176 8592 4200
6620 6310 9108 6316
2876 1229 7124 2211
976 753 4522 7064
4539 4595 9849 5000
6188 3860 8256 5174
7380 6214 7491 7228
1464 2486 7315 8040
1792 4204 6686 9024
1656 4700 8620 8912
724 2828 4410 5356
1436 368 8690 7600
4413 6640 6367 9545
3342 4141 9624 6252
3810 8799 7543 9480
1812 5660 9342 9372
400 3018 6862 7204
1150 2410 7333 4620
787 5634 4610 6284
8278 3829 9434 5813
2232 2880 4868 6948
8690 4336 9704 8760
6612 5064 7824 6985
2226 6295 9550 9000
9762 7752 9874 9900
2249 4429 9840 4455
2050 770 3728 8380
1029 106 9602 9302
1384 3115 7434 3492
2570 430 9560 8847
1100 6758 6910 8664
1408 508 4646 9752
152 4904 3853 5440
1560 2800 9356 4190
4667 4350 8234 9895
6390 4798 7936 6110
4552 3945 6715 6210
2048 49 5537 4407
1360 196 4160 1125
4851 8352 8500 8434
490 1142 2190 5755
5089 9385 9298 9536
2698 144 6209 487
3940 109 4688 354
2195 4131 5480 7581
3036 1138 6975 6290
3800 3640 4292 5244
5680 5140 6600 6096
7750 2418 8670 9234
55 5824 1100 8373
1405 6180 8852 7289
438 5528 3614 7494
6657 4896 7846 5008
2063 536 3056 8500
4966 1050 5950 7774
4904 4263 7435 6010
1156 3558 9674 6484
2770 2791 3500 6873
8371 4784 9955 6829
654 0 5260 4736
1280 3225 3887 4204
2200 660 5336 9401
1475 5707 8950 9306
1172 568 9476 8680
1721 5312 3017 8846
5960 1524 6132 8895
6252 6982 7190 7590
1253 592 4592 5500
1292 2472 6375 9110
816 2334 7108 4676
5880 6270 6024 8516
3947 1274 9136 5036
7348 894 7829 9423
5720 6520 7776 8148
2916 5232 4048 8468
983 4598 4440 8471
1300 7324 2343 7692
1942 2074 6409 8600
3246 5092 5084 8422
5802 1690 8516 7650
7450 4320 7465 6758
2351 854 4208 2366
4080 4086 6977 6312
4664 2420 5607 7520
3536 1274 9502 6345
1071 5132 8160 9915
2647 2510 8978 4175
313 3268 7792 9455
5948 1549 7192 7432
1120 1816 7644 9056
6852 452 8070 9568
1360 3900 3844 9088
3222 760 6922 2480
4527 3205 6590 8746
2804 638 5052 9544
1670 398 6605 7493
7206 2376 7909 9466
455 50 3073 1962
2708 5818 8338 8145
2984 1416 6867 1640
5504 6570 6000 7802
5818 4480 9262 9918
1230 2515 1875 4934
3387 5628 3632 6060
5560 3203 6250 3575
3764 3019 9452 3332
8305 2596 9570 4510
9397 4572 9630 9354
763 7131 2287 9984
7420 5457 9054 6836
1826 3945 3044 4556
4968 4918 9046 7344
5 3016 3810 6436
1232 3834 7700 5494
1223 2368 4973 4448
5926 1100 8540 9150
1789 3083 6617 9641
4094 262 4562 1064
2134 2496 4045 7391
4464 3791 8512 4402
4449 4364 7250 6504
759 8180 1648 8780
7280 1908 7485 2808
6816 6805 9330 7445
2191 1948 5740 6528
1466 1579 3809 6335
6632 2490 9424 2990
2174 844 4298 6194
6641 1600 6666 5612
2017 4677 9151 6126
3142 3600 8102 9900
950 585 1819 9609
1932 4334 4960 9125
68 2100 1525 2190
1154 3192 1680 9700
5932 2960 9580 8356
3462 3303 6612 7824
219 166 1851 8800
1373 3075 6470 5931
300 3098 9440 4984
684 2697 7695 4026
1391 3760 1612 3921
202 6885 7700 9252
1030 2592 7495 6831
3929 1300 9148 4448
44 4090 4400 8680
3078 3462 7336 7180
1021 1650 1640 7541
1550 922 8210 7830
200 289 4280 7393
236 5552 9840 6284
1075 325 7160 1863
2203 1733 4515 7176
5114 3472 6442 9024
6795 5625 9240 6480
2364 1342 4822 7408
3206 760 9264 8831
3116 6066 8013 7901
4200 220 7832 1884
1240 700 8868 3517
3485 4746 4592 7388
6970 283 8992 3872
1032 8595 4790 8768
2610 2011 2736 9715
5080 6223 8980 7848
2948 5712 8792 6996
3271 3950 4090 4045
150 2392 4740 9500
308 3515 3513 6507
4975 2592 7144 3744
8923 4775 9824 7780
1013 600 5266 3600
2674 4007 6276 5256
8781 192 9808 8576
3156 1398 3936 9480
958 904 8901 7520
963 2470 4402 3621
2416 1955 6541 8941
4480 3190 7718 4448
6000 1004 9424 9692
4140 550 6704 8316
7500 8910 9066 9300
5392 5820 5968 7042
3189 263 9528 1514
3800 3560 7680 4763
1157 128 7376 974
3550 5538 4760 6283
2930 1046 9549 8660
1640 4340 7924 7278
2001 4960 6675 7089
1750 1156 3816 9820
4960 2632 9728 6916
2585 482 5632 2384
90 6597 5000 6608
5654 5704 7409 8444
6478 1450 9410 8764
7254 4964 9740 9600
2264 3010 6018 9751
9736 8218 9768 9025
4896 6516 9356 7780
2922 5631 6320 5949
3910 2150 5998 6979
528 210 4308 6106
529 7284 2875 9985
4916 3188 6480 7754
3260 1509 4608 4695
2361 1717 7467 8036
2672 5230 6208 7632
1962 610 8137 6169
14 5430 608 9584
1340 2405 3207 7960
1820 2490 9858 4047
5618 4980 8815 6995
1910 5667 8448 7720
4692 2091 8892 8930
4157 3688 4562 9935
199 4248 840 5408
6071 6500 7125 9527
634 3677 9170 4780
3386 6400 7367 7120
4845 2501 9414 8400
4790 880 8786 3584
1320 4999 1680 9611
2979 6568 9612 8450
2934 2630 7540 7142
4038 4914 8560 7500
3650 76 4205 2797
1772 450 4732 504
884 2256 4901 6270
4762 3060 5731 4962
2672 1800 6640 3344
3710 3460 6096 9234
4040 4860 6673 9331
5230 775 8060 3224
6916 3871 8288 4622
2684 2399 6804 7630
1408 3330 1568 4488
5552 6250 7527 9749
3062 2630 7469 5084
37 6850 1640 9573
3168 133 9102 7132
2265 3292 8119 3678
5343 3272 8040 6931
3862 5105 9330 8758
1405 4688 9584 6393
249 1470 3150 7924
1551 4184 7012 6672
4867 2815 5129 7370
3736 5480 6760 7351
6084 270 7929 9232
4027 2668 8080 8000
6578 1613 6928 4600
76 646 566 2936
3145 236 6738 4440
1382 6670 2982 8411
2026 6031 3200 9950
339 368 1980 4800
3312 2432 8517 9024
611 6460 8144 7240
685 5995 2208 6985
2851 8554 9712 9212
3014 6261 8644 9673
8622 1500 9415 6545
5788 760 6725 2402
2756 261 8760 5063
70 7355 650 8728
2448 1240 2520 6360
6856 378 7786 9200
500 4195 4390 4896
2828 16 4225 3450
1256 1052 9150 4675
7048 916 9884 4540
2088 6300 3710 9686
3160 4500 9191 8225
400 5327 8328 5617
5034 770 6759 6752
5427 1680 6490 2824
2764 3220 6532 6522
2697 414 5672 5575
2369 679 5805 3051
1287 3832 6603 7844
6912 5366 9370 9336
900 4036 927 6442
1675 625 6808 6168
724 6382 2284 9691
5351 768 6950 1544
3501 1279 8467 5504
6317 2448 7711 9904
4050 1894 4286 8872
1584 182 2360 370
3778 1315 5520 7724
7198 8775 8817 9148
126 5900 8453 9259
318 4152 9567 9576
930 1878 8072 3328
761 3456 1784 3638
17 2428 7233 8331
3383 2209 7720 4326
2712 4290 9400 9190
3686 86 7120 8320
3489 2787 8172 6160
247 1529 9790 8616
5167 3675 8585 5358
6445 7580 6830 7940
650 3370 9844 5858
3380 50 8326 4020
6287 5260 8997 9916
5753 6627 9667 7050
6032 1684 8718 2216
4568 2448 5339 3490
6250 6813 6473 7050
1833 6563 3720 7319
5810 3758 6280 9528
7120 2337 9140 9905
4750 1724 4825 7536
7336 240 7953 6850
928 5076 4100 6293
1390 1788 8110 9336
3672 5276 7603 9600
5748 6960 7348 7954
2316 2231 4704 8790
5459 1435 5488 4800
3913 4828 8956 5952
3126 6640 7288 8888
236 1906 7856 2322
5332 584 9888 9610
986 300 1515 8560
1165 2948 8768 3868
1696 4575 7728 9238
2856 1662 4440 3182
5877 4268 6676 5731
620 880 8316 3530
3560 3750 9840 7888
1959 64 6607 2959
5284 4736 9784 8372
1844 3250 8315 4968
150 130 7424 2430
4869 1154 4929 6161
3152 4175 6808 5768
8316 1485 9092 7911
3023 550 6364 4524
2340 3695 3122 5729
948 6592 5888 6598
2043 2575 2770 6963
698 4840 960 6366
6250 4800 8202 7013
201 3302 9810 4688
4128 4570 4612 6706
3106 1432 6684 2816
4765 1080 4839 8864
560 264 4174 3332
56 2486 7426 4066
3421 3167 3590 8706
4895 3480 7885 7784
2100 7585 8872 8639
2916 512 3395 9476
3213 240 7918 1513
4089 1584 9920 5150
7884 1175 8508 4574
3616 1676 4673 2588
6684 4366 7906 5342
5018 5663 9472 8765
3304 1730 5040 8077
3636 4565 4719 7352
7320 4600 8204 7100
2725 5960 5935 7280
3104 2905 8552 8528
1328 4462 4540 9786
4064 2080 6253 2608
1956 5580 3506 7040
3222 5980 9510 7360
1670 3134 2232 5352
6338 6118 7784 8720
1776 880 6180 8370
3926 32 8766 1675
4701 220 9682 1519
1430 3240 5878 9601
1056 3992 2247 8025
712 4804 1360 8738
2170 3888 9260 7389
2560 5600 8220 5673
795 24 2787 4987
1829 3045 4607 7404
3868 3912 9562 5850
6396 4244 9111 7919
982 3172 5982 3381
4890 190 5865 1915
724 1009 4797 4124
796 3202 3239 6746
2309 7824 9190 9755
700 3710 2000 6584
4005 5064 6584 8672
4942 4123 5736 9342
3470 1337 8024 2151
3712 919 7379 1110
1600 1492 6812 8228
1500 4902 8979 7660
8263 2460 9256 6093
208 1502 8268 3652
4970 2504 5162 3320
1080 4828 2030 8864
3224 351 9460 4216
5824 6445 8892 8912
5644 1648 9120 4504
104 3790 6720 9542
6327 1247 8384 5204
2682 442 9215 483
7746 2966 8526 8967
3600 7896 6786 8256
5668 3398 5792 6568
0 2092 6806 6282
172 4006 2562 9152
5695 3327 6012 8874
175 4280 4274 5188
3078 580 8750 4769
7626 5812 9698 8624
6702 440 7152 9864
730 9070 8678 9465
1164 2398 8605 5110
1500 1075 3284 4104
2112 6315 7084 8575
3852 7122 8596 7850
7435 2142 9922 9400
6440 2600 7900 6505
2800 1840 4257 3418
2734 1016 8610 5276
5052 5848 5920 7160
6440 346 6770 1892
1573 5328 4492 6787
4698 170 5455 9180
74 4708 6792 7991
3112 7736 6582 9675
1380 5229 9272 8988
3056 6405 3200 7514
5490 3660 9584 3710
8510 300 8719 8064
3314 2946 9520 4168
5880 3888 8804 4704
2054 2596 6805 8871
555 2172 6646 5052
1480 4680 5477 9049
5232 258 6592 7468
2644 5036 8416 7169
5760 1093 5896 3556
1840 5925 2958 8906
1945 4625 9035 8160
204 366 3864 7840
2776 185 6136 700
95 2995 290 5878
2880 6332 3648 7200
1420 5430 5104 6006
4324 250 4816 3276
7602 1472 7912 6605
6157 556 7824 7042
3032 1881 6398 8620
2720 6685 4256 8324
1128 1248 6479 4002
2110 6688 4883 7336
5118 5044 5584 7796
4739 4250 7564 6280
7545 2144 9280 8300
2980 5843 6809 8484
1824 2874 7984 7454
4462 2200 6208 7590
1312 768 8112 4300
1512 6732 6854 9288
683 4660 836 6808
8270 6344 9920 7939
2498 1200 3025 2216
2106 582 6363 8800
612 36 1277 9456
985 3838 1258 5630
892 6600 8750 8267
2878 4715 8265 8398
6659 2914 9848 9848
2880 1770 6725 4100
2560 2168 9340 4992
879 5168 6716 7659
8510 1320 8728 9375
2725 1594 2976 5588
2199 5112 9805 5496
1292 1198 5792 3214
3059 624 3620 1572
3646 1120 5056 4103
428 1286 5302 2152
5540 3908 5840 5144
975 6605 2350 9184
16 6356 8968 8281
2560 2070 4376 8505
1779 2944 6813 3600
450 7360 7305 8488
8710 6520 9800 6890
2000 3550 5860 4653
2962 325 7070 4180
2038 3744 2090 4520
1580 3146 2834 9648
3232 5376 9285 7525
2325 500 9814 501
2330 7168 6376 7500
6544 3584 9682 8482
6720 408 7520 1125
3959 1820 7754 2170
1456 712 7712 2907
3248 4048 5579 8044
2125 880 8247 2536
50 1835 4336 5967
715 3326 6640 7952
5066 7394 8124 8677
9465 2727 9584 8596
1120 4040 1810 7840
974 856 4636 8200
2406 86 4170 4120
3750 1583 8770 6762
3664 7370 8811 8300
1540 4664 1660 8759
927 3106 8909 7492
7072 3416 7160 7264
1388 1125 6590 3450
2092 6276 3568 8456
2228 856 8992 1770
2242 6548 7475 9798
2079 1982 9440 7616
5050 656 5728 3000
390 406 4630 2665
3840 418 4468 8900
1999 3346 6980 9270
1815 1200 1873 7978
3031 1500 4080 7753
370 7728 9896 8464
5388 120 7376 2314
3288 6944 9601 9417
3535 936 4053 4560
276 4415 7900 6764
4018 2216 9820 7113
3060 3010 9532 8312
4991 6022 8067 9614
7552 3975 9904 7720
3906 4244 4564 5872
2234 5306 6650 8840
6476 4272 7200 9340
3682 2997 7915 9819
4896 5940 7693 8650
1408 2434 1580 5816
3498 663 4100 6184
6070 4176 6368 9872
1135 2618 8986 7956
6714 288 8464 4612
0 3005 8216 8359
2776 4219 7762 8724
2770 1586 4865 3910
7132 7534 8544 7782
4384 210 9034 9760
440 3692 8976 8530
1488 1902 8048 6257
5817 804 8828 9040
365 1690 1117 8040
9518 3642 9992 9540
8493 799 9725 5584
3800 7606 9500 9638
2442 3652 3180 5444
1248 1637 4838 2348
566 8260 921 9154
3032 2902 4206 8281
2030 2270 3789 7769
870 4170 7576 9880
4560 4319 6678 5720
3680 3872 9684 7973
275 1840 7445 6348
4688 1506 8944 3496
3673 400 9860 6225
1869 656 6752 4468
1228 1515 6212 4256
4928 4573 7996 5362
1427 4144 3088 8320
3500 1236 3580 9112
5536 3096 7928 4688
2442 4666 9876 5299
2190 1999 7410 7885
3472 4153 5008 7876
2910 3284 9344 4759
4220 2520 7782 4362
4600 1159 5390 3251
490 700 9055 1663
4336 876 8992 2806
1770 1688 2502 5914
5930 4620 8432 4684
1869 8856 5150 9296
2025 2558 8200 8472
5933 2267 6976 8898
441 2842 5520 6480
4600 4485 4898 6754
2782 3465 7708 6762
5886 1676 8923 3960
700 7840 8555 7889
2750 1346 3060 8955
7510 695 7744 9508
3905 2164 5390 9446
1160 3592 3612 6027
224 2060 6929 3436
1794 622 5175 8456
5910 1688 7024 5864
2925 5782 9320 7844
1936 5182 3742 8870
550 1985 8920 5598
6026 2266 9394 2770
1868 2160 9886 9920
751 2192 8645 7840
1984 5380 9192 9294
488 256 4000 9712
1590 208 4080 1390
8181 2345 8420 7880
1465 808 7718 7150
2386 968 7879 8880
4646 1797 7680 6916
6256 2358 9542 5844
1256 3180 5034 8756
5590 1370 8768 2414
2942 5972 7832 9778
2242 2751 9347 6916
1548 4815 8610 9480
7680 6885 9180 8672
2917 3020 3186 3908
6947 7185 9297 9073
3184 38 9892 5412
2250 6352 7610 7709
5123 2875 7888 4294
4360 2407 9936 5389
2304 5380 8120 5679
1720 2175 9056 6610
9186 3750 9500 9586
3210 4126 9441 4790
928 512 9907 1404
1698 5530 4739 9108
2325 3040 5632 7856
8948 6568 9248 7630
7363 853 8809 3062
3780 1312 8000 5264
425 5348 9608 6700
1170 3335 2130 7760
142 290 199 1680
4908 8095 6812 8456
469 173 6975 3552
2336 31 7166 3960
5957 864 9550 6560
296 3736 1772 8526
1892 8160 9522 9620
5846 3975 9475 9826
5192 720 9344 3388
5124 1230 5437 3760
7092 6815 8652 7331
520 3040 6480 9522
2984 5376 4359 9504
5532 2584 7236 7530
5041 3700 7348 6322
4846 4480 8850 8802
7673 4670 8044 6544
1290 1180 3352 8846
2772 2079 5920 9794
8087 1376 8299 2254
2878 3616 2915 4413
324 336 3341 2941
4066 2470 5616 3168
4160 4391 4500 4670
784 2722 3393 4374
1900 4084 4766 5349
1434 7124 9398 7502
5516 1021 7340 6265
3531 9470 4991 9850
2290 968 3090 4395
352 3590 2423 6066
1610 4346 8824 7052
933 5826 4080 9932
112 592 9775 6834
4796 9396 7575 9850
7375 1056 8008 7356
4828 3843 9992 8706
168 1172 3403 6543
2182 1836 8880 9432
2872 3000 6840 3664
5450 3344 7672 8520
3438 655 4568 8010
4280 2171 5416 7316
105 4442 4000 7168
546 112 7364 6445
5239 5816 5392 8576
7220 9320 9760 9988
336 140 3092 6286
9408 2558 9730 6960
3806 9586 7438 9842
2820 80 5072 6334
5618 3350 8382 7578
4097 4148 5294 6064
2162 3830 9340 9240
368 6440 7595 7325
2504 6664 3446 8928
800 6520 1736 8156
1088 3420 8380 7274
846 9296 9540 9984
2839 1108 6455 6777
9468 4672 9962 8116
4839 3674 9740 9997
5558 1145 7284 9100
6083 39 8525 1700
4779 7500 5200 9236
1004 3680 6636 8790
9800 2888 9840 5944
1280 3437 9848 6539
6016 160 7232 1526
8328 3036 8906 7248
3620 7584 5972 8012
3600 2201 8496 5785
1064 4320 2224 5092
1504 5650 4086 9864
432 2551 464 4194
998 150 7040 9552
2400 4076 3994 5196
1312 5800 3381 9532
348 5118 7496 9946
8202 688 8930 1263
6971 2471 7825 9710
10 1582 8310 7074
8625 6640 8816 8865
114 3882 7833 5640
6630 5523 9680 7550
8565 7424 9960 8900
1228 6542 4654 9456
5394 9068 8362 9615
3995 1938 7184 9102
1642 3309 3366 7596
3480 408 7852 5296
1012 5356 7554 6030
4042 480 8286 1191
3650 3190 9396 4320
2920 4515 5837 8767
7744 264 8392 9731
5440 34 9534 229
8256 6412 9312 8488
2128 1142 9198 2455
1936 2399 1940 2458
7193 3136 7799 5320
5715 272 7031 6439
5057 975 7814 8041
1222 1028 4243 8645
1884 900 2816 9360
4164 4400 7426 5766
4272 4792 7195 5092
1496 2820 8712 3592
4400 1339 8048 8875
2808 2725 6792 9675
3798 3600 5424 7837
422 2332 7896 6263
350 3090 2956 7600
4172 5480 4436 5749
6210 1198 7966 9058
3472 3188 5523 6849
2507 5042 5280 9145
1876 3300 5024 4370
592 2450 3975 2775
8630 2400 9869 3910
8112 4988 8477 6881
5518 531 8126 8106
2124 299 8758 7265
6330 3130 6554 4517
1305 6469 3814 7152
2696 8004 4820 9430
2523 4712 3520 7190
0 4346 8304 4528
364 2868 3036 2960
2945 5654 7900 9166
2160 7184 8842 7728
2812 6050 4385 8650
3942 5600 6510 9430
8656 397 9040 2116
5474 7418 6628 7565
880 1136 8528 1700
2560 5768 2696 8336
1485 2214 3405 4685
5045 476 5950 6640
109 5030 3325 5058
4540 5482 5040 9778
1912 4575 6024 8438
2688 1208 6040 6668
0 3717 900 4220
2058 4763 3846 6915
6185 2840 9500 6817
2253 3366 3674 4150
6940 6094 8904 6528
6977 2160 9210 9920
2807 664 6293 5869
2192 5660 2248 7486
2805 6928 7500 8684
5208 380 7250 2598
2864 3412 8440 8064
3648 9538 6385 9733
255 6304 5369 8086
558 4582 7726 9984
725 6690 6440 7968
8736 5756 9290 7221
4076 4300 8160 4962
5390 1880 8750 9441
2048 2462 7867 7300
1513 1105 3650 5585
1426 7398 4200 7762
2234 647 8884 1918
6290 3104 8379 7024
6384 1020 7009 4885
626 5456 6135 7228
1148 5760 6452 8320
4490 3842 5788 7260
1340 2117 2268 3616
4140 5304 6968 7364
7500 5112 8195 8560
2840 2702 5680 8900
3346 4283 8538 9084
1733 1136 5396 4524
8016 7240 9372 9765
5620 1125 9750 2086
816 2674 6771 2984
2680 944 4314 6960
2491 4844 8192 6652
2117 2470 4476 6555
984 5675 8091 8224
6960 4160 9520 5749
11 1232 5380 1904
6979 2927 7830 7642
1016 3257 5130 5400
240 4742 7804 6918
880 500 2008 654
387 5144 664 7839
4681 5404 9064 7479
5948 5940 8122 7230
2054 5856 4540 9079
4188 1830 9440 7620
3234 340 9830 5771
3345 1308 7612 5568
2885 1600 7600 5430
2224 2795 6720 4550
5168 2024 7968 9928
2916 40 9797 900
3728 5116 4304 7640
1060 3844 4885 7658
6259 3753 8498 8917
4555 2902 5834 4071
599 1410 2010 8290
816 8032 2266 8720
2700 1572 9992 4073
1355 6112 3697 8263
3778 2556 8764 8143
7714 1066 8272 1128
5670 1465 5932 4423
162 4662 8864 6390
4672 3926 9200 8375
1724 1524 7949 9315
4510 1460 4640 5560
2516 5478 6248 5977
8057 6540 8308 9182
864 1105 6171 1244
7852 158 9551 7877
1748 3560 9900 7489
6400 1440 7672 8858
1012 1006 7028 7350
1108 1862 6015 7352
1360 3673 2544 9258
492 2688 9853 6057
1376 1796 5002 9384
6912 3873 9939 9256
4061 4475 7260 7880
4940 4726 4988 6333
4792 4986 5575 6193
1753 556 8340 2554
5632 408 9272 7104
1887 4341 8608 9804
2688 1984 7452 4126
6775 5856 8960 7816
1084 363 7038 4882
6666 8010 7344 9375
5745 2325 6168 2605
594 424 3588 6896
2686 4070 6482 8460
5200 4173 8066 6144
495 1020 7650 3188
1266 920 3925 5166
8176 2064 9355 2517
2002 3950 7580 9353
1380 2260 2800 6620
1735 1269 8252 2949
2424 8150 4932 8604
2664 2448 7584 8735
1919 1357 3680 5382
6996 2400 8650 3120
1300 3344 5455 6967
1138 2035 2376 4610
6842 1063 8204 5489
6777 160 9130 8190
5178 4485 9755 7235
3177 1019 4594 1220
1080 1275 8246 5346
1689 1180 6191 1482
1690 5248 4007 5500
75 3300 3520 9883
3780 480 6024 5986
6942 1360 9074 9420
823 1048 3110 8070
6588 1252 9063 8009
3013 5314 9034 7317
5510 8599 6479 9352
3940 4084 5230 8852
1742 4725 6664 8699
8612 5102 9174 8315
7988 2149 9820 8000
2506 1204 4116 1252
3191 195 7364 884
1382 3556 3537 8404
3740 1556 8830 2630
150 5400 8382 8893
210 1982 8501 2296
5650 85 7650 5481
6550 5294 7224 5888
2840 1155 8185 8872
6707 8828 9168 9055
1600 2502 9800 2665
1318 5146 4740 5895
5394 7356 6795 7821
685 2422 3050 2830
2157 9142 7628 9572
5197 3003 9981 3744
2197 5280 9603 7936
4400 8802 4938 9465
4042 6931 4704 8650
2264 990 9148 2492
5072 941 6580 5644
3600 7730 9640 9848
3720 538 5204 1310
201 2806 1418 7491
5912 1615 7672 2981
448 245 9479 9842
5548 4249 8520 7560
6346 1622 8530 9620
824 6979 1302 9168
8605 2616 9120 4880
1612 200 8800 8176
0 5216 1092 6808
721 636 4159 9294
6038 414 6310 1456
1310 3960 3392 8194
3032 4560 9724 7988
5045 5739 6680 8040
3958 5104 6108 9283
647 316 2828 9443
414 2040 6370 3238
249 3795 1674 4659
4824 1559 7877 1920
9348 2217 9651 5189
1805 1463 7977 9666
3300 5622 4082 6546
4432 4170 6754 8714
298 4928 9580 9312
1827 5065 7785 9730
3940 3550 6060 8600
3680 144 9306 8040
318 2464 3119 8403
4372 1700 5276 3668
5034 3485 7185 6528
3334 6368 7912 8642
1547 4310 6569 5635
2900 5200 8004 8430
4875 3632 6450 4094
7584 825 8815 1294
1245 6757 2560 8915
3328 2832 4058 3296
7973 518 9686 1760
7599 5840 7977 7368
811 928 5480 3120
4960 480 8848 812
272 616 4448 2260
2840 4750 9334 9775
719 7175 9708 8798
400 7038 5176 7452
936 2375 3256 6025
5032 3939 8567 5413
930 4522 9264 7744
3500 3940 7440 8624
1998 3344 9872 7126
4418 2624 7000 7100
1630 880 6975 9569
2845 388 5043 2320
1081 6003 7504 6480
6148 1842 6494 7404
2292 8660 6535 9650
630 1320 6880 9963
6602 7196 9660 8200
4712 5889 9252 7164
580 3485 5328 4402
5510 3538 7500 5187
676 7768 3872 7915
1896 3109 4200 4632
544 2920 3650 8796
2578 537 9940 2640
2401 997 3380 8694
2352 7646 6576 9077
6169 136 6740 617
138 1360 1770 7074
930 2940 1516 4836
6605 1284 8688 3291
593 5724 5276 5960
884 5936 3714 6025
6224 1168 8880 7168
2700 3848 3928 4259
5035 7870 5275 8800
2897 21 6252 8030
7360 36 7800 6700
6685 177 9976 7242
8875 4074 9966 7150
1161 8840 7254 8850
6206 540 8200 4994
3312 6702 3395 8240
4968 7901 6030 8545
5856 732 6478 5210
6200 2260 9709 6240
990 1248 9415 2620
4934 518 8202 1475
3640 5295 6137 5326
4720 2824 6655 3370
658 1940 1020 2689
7014 812 9592 8040
2376 4293 6850 4510
1282 3376 2561 9584
3430 4138 4245 5932
1624 2080 3105 4788
2760 3000 3428 3052
2476 1790 6100 8449
2576 4345 5902 8333
2992 8245 8754 8688
604 7456 1096 7528
358 3823 5750 3884
3760 1874 7352 3220
5964 623 9640 6321
3624 1742 5696 3470
6336 669 9584 8173
3600 0 5792 2211
4487 1820 5444 4347
755 5248 2505 7240
8114 1884 8732 8312
3735 5156 7624 9000
4657 2885 6864 4938
3140 716 4922 3070
4186 2233 8842 7984
705 2908 7904 5432
5320 2835 9057 8073
1016 3256 6660 4236
7080 2648 9000 6788
1400 2356 1659 7423
4497 1045 8016 5246
5143 4085 7780 6365
2826 1222 4880 2131
3565 6276 8955 7169
5845 5125 8144 6290
5875 3153 9250 3696
6714 5729 9982 7719
586 2688 5905 9616
890 2164 5476 3990
4570 3834 8460 5844
603 1086 3082 4800
2760 2069 9720 3105
3788 825 6655 9497
515 1600 7648 9720
2138 1053 9739 3520
2142 1960 2666 2179
4908 6076 9432 7702
4006 690 7044 8975
4236 6233 8782 7868
3750 4655 7549 7320
4499 420 8830 2112
2100 1848 3500 8339
743 3392 1968 8428
1825 3228 3380 6105
6426 2064 9031 5386
6555 2341 7650 2911
2565 3488 9404 9242
1640 2960 2929 8338
5508 4789 6786 4816
5940 3690 6686 8232
3664 376 8558 6322
3252 3960 5921 8850
2373 776 9594 3696
3040 5570 4828 6580
4012 6241 9480 6320
4624 320 4747 3612
1804 3800 6023 6021
139 978 220 7354
4030 542 9472 6844
2721 8090 8698 8775
2078 1667 8984 6286
488 5730 648 9386
4960 1225 7774 6957
32 6853 4691 7172
2609 3829 7950 7475
3220 928 5200 5339
939 4054 1120 4460
5976 3400 7472 7951
2508 4705 6875 6733
3136 3812 9702 9045
5659 4207 9900 5785
4160 8642 9791 9751
2053 4510 3538 5849
2951 1285 3727 1856
4084 3744 6650 4407
248 5726 4016 9960
5210 4375 6432 9710
5005 6640 9604 9386
2909 1404 6715 8760
4862 2337 5633 4639
2052 4061 3368 8912
1440 8888 8140 9760
2752 8050 9559 8854
5427 1920 9097 8012
691 3075 3405 3576
786 1756 1486 1820
4935 7470 8314 7775
500 330 550 8405
3453 7528 9396 8738
6554 5594 7495 8536
3756 1669 5987 7944
6740 6236 8700 8038
5110 1056 6025 4070
1750 100 8303 9204
0 2428 3185 7525
3177 5433 3347 7584
3552 1175 3865 3046
72 3434 5834 3970
3988 1199 6152 4552
842 650 4180 2238
5435 40 9776 250
7525 478 8922 6170
6680 4724 9925 6360
7339 1362 9984 2200
5416 1044 9828 5572
2460 334 7878 9884
3240 1777 5730 7456
5030 3024 9918 5380
2620 2386 5112 4816
4832 4352 9920 4565
829 2640 9921 6394
3744 6205 8432 7090
4848 600 5522 5582
3042 5177 5071 6966
4640 3358 8744 9018
48 87 1549 4030
4695 1270 9371 2344
2832 3372 3154 6571
800 330 9916 5024
888 4620 9496 9800
2000 1200 8036 4780
2750 650 3856 5050
8640 6080 9056 6088
538 5815 7756 6504
269 2273 9166 5426
1093 2673 4805 3692
6072 3088 8613 3657
480 4164 2000 9765
6638 6339 7894 6542
8484 6434 8768 7321
3054 2706 9200 8580
2944 7963 3021 8080
195 7500 6000 7851
7129 3200 7495 4976
6320 6153 6898 8290
1590 2075 1992 8654
2311 1044 3504 6048
6308 536 7897 4996
5248 2512 7826 4116
3636 2102 4153 6400
835 560 4976 1158
4932 4647 8264 6712
5186 1436 6621 7408
8681 612 9338 2376
6524 6960 9058 9104
2344 6517 2584 7400
740 1330 1288 1648
9040 2250 9681 8833
4571 2468 8754 7624
6170 2544 9384 4575
4850 1923 7300 5836
1085 4640 6574 6701
6137 2124 8456 3750
5204 3904 6280 6196
3632 4565 4910 7972
1800 6145 9930 7586
2016 5120 8604 7440
2500 3876 8196 8683
2188 5040 6505 6309
588 3150 7584 3593
4384 250 5746 1075
121 2000 8586 6650
2190 480 2872 8714
3890 4350 9136 8936
4996 945 6154 8240
5620 3025 7544 6875
1148 3264 2520 9122
2600 4616 5445 7964
1760 2552 3652 9114
5055 255 8440 9940
3215 6800 7059 8792
850 176 6664 4616
792 5992 3324 6704
6100 3784 6464 9527
3803 1120 6860 6200
4415 5270 7450 9844
3498 1929 6156 7800
1400 9060 2805 9880
2248 190 9134 3675
661 4520 6377 6497
2607 4816 4280 5918
775 2000 9712 6899
544 9244 5438 9512
3304 6872 7300 9680
5751 8272 6494 8470
2094 2288 6184 2463
5588 2535 8534 5950
900 5843 9046 6242
3069 1910 6400 3112
466 2000 8735 4780
7184 4502 9325 6233
1170 3448 9502 9189
3639 162 9052 2724
2261 234 9192 9312
76 7500 7955 8339
4508 78 6356 8910
2280 780 6350 2875
6207 7819 7054 8334
2698 5002 4230 8352
3062 2308 8436 6823
8469 6218 9024 7304
1474 625 1768 6000
6705 2624 8468 9468
7404 4428 7850 7850
722 7890 6335 9329
1825 6335 9248 8400
264 5260 5385 9088
5920 3412 6950 6925
3769 7904 7120 8445
6224 2160 7600 8540
1028 4560 9016 9530
1418 2928 5353 3312
4460 4074 9091 8582
2701 272 9391 3032
1301 3810 7758 8090
710 397 6280 6294
6496 7527 8400 8457
1917 6940 7672 8384
4242 3725 4980 4266
1912 3840 2600 4344
3016 4388 4364 7473
0 5992 4816 8496
4048 725 9905 9930
7230 233 8072 7255
5187 3141 7885 4660
1287 8350 5108 9354
2175 907 8580 6080
4428 6320 6735 6815
4500 4270 6844 8874
2873 9080 4230 9551
628 2820 5190 8450
2500 6000 2876 8200
2333 2560 2568 8333
132 158 9570 5585
7080 25 8480 9119
0 9215 386 9546
1992 1208 5575 4438
58 1132 3345 8720
5216 48 8560 2550
7168 9804 7192 9998
7630 9484 8350 9902
7630 1660 9640 8274
848 670 5390 3608
1776 7395 4390 7904
2284 6700 2376 7520
126 586 8222 5316
2574 4058 9484 5718
6225 2812 8398 6548
3080 4100 4444 8388
2742 606 9440 8073
4141 1438 7023 4270
3960 1477 6313 8552
8854 450 9418 6079
2670 1137 6166 6432
1688 4617 8692 7370
7732 3125 8222 5200
2824 670 3872 2785
1118 6486 3315 8680
4770 176 6272 5070
965 6892 1912 8784
174 1056 1548 1925
1274 2422 7676 8228
9480 2360 9879 3270
71 2417 4304 8987
3090 3199 3670 9570
2255 1875 9587 9498
8253 5109 8284 7568
6504 6610 7930 8460
3460 3563 7652 9463
80 3314 5238 6906
4387 4556 8340 4600
784 3204 1748 7552
5405 5983 6496 8844
8488 1204 8894 8500
6577 1865 7572 9814
4310 5561 5236 9844
3604 3165 4360 6290
5558 8345 6449 8935
3628 445 7984 9520
3613 4030 5360 8181
3910 2905 5979 9378
5419 281 8581 2800
2072 6703 6340 9040
2303 1564 6190 9878
5116 460 5665 9366
4593 3752 5865 4878
1248 3285 3040 7996
870 5417 8216 6464
3408 7016 5230 7808
265 227 9980 7446
3349 4700 9550 6992
896 7602 6368 9800
2288 4195 7749 9579
1764 4736 5656 9424
3923 7416 8882 8094
221 6864 5312 7005
2489 4194 9810 7251
6232 6540 9756 9423
1490 1388 4662 8796
1208 1742 4180 9333
206 332 3494 4356
7240 5000 8710 7434
7925 4542 8580 9140
3787 3190 7246 4075
432 2086 4401 5522
1875 978 2292 6904
3888 2720 9384 8620
5072 9282 6792 9768
2220 6250 6000 9911
5187 7757 5234 9392
630 3560 7504 8560
5490 640 9753 1180
2409 2398 3357 3676
7740 2071 9104 6108
3956 5432 4576 6640
2850 7895 7906 8400
7005 1452 7124 9121
7080 2176 8600 4582
3480 4009 6320 7796
7892 6525 8930 8565
3475 9266 5420 9744
4046 3311 7408 6494
4545 1610 7640 4588
1628 7345 4548 8700
3073 7292 8288 9921
1518 1426 7830 2950
1300 2723 5480 7268
3528 6855 7228 8353
1590 3502 6208 4016
1705 4576 4380 4812
152 2850 6994 3790
766 1250 3020 9575
2588 6048 2806 9856
2994 4040 4250 4728
2978 7100 7763 8842
3970 2980 9778 6848
74 1645 6920 6475
1448 4473 4419 8650
5900 2172 6365 8050
958 300 9064 2725
1812 6144 9576 6290
7428 6030 8248 9112
1416 550 6846 909
3507 1290 5813 6261
400 1336 5632 6336
4346 720 5446 6408
7474 5789 7840 5816
144 2546 7512 2892
1690 5064 3008 6460
4398 892 5235 1517
2136 2005 4480 2092
1470 3513 9514 4076
2248 5342 4240 6172
246 5288 2008 5404
5670 1403 9170 7103
2788 868 9883 8414
4098 2726 4765 6412
140 7736 4176 8766
4004 2992 9312 6632
2448 6218 7581 6392
5260 720 5444 4608
1000 282 2270 2526
4384 601 7450 1633
4145 6278 7509 8288
8368 6344 9664 6724
1404 4987 9341 8245
2335 716 3699 6990
3000 3320 7720 5198
328 7585 4005 9435
3440 249 9644 3514
51 3050 2654 7518
1387 1170 8704 5680
3410 7130 4348 9658
416 7760 7144 9892
132 2847 2902 2914
2416 3252 3825 4012
1291 1751 5744 6684
3937 5539 4248 7213
1736 7767 3245 8324
47 7408 5230 9080
2918 2304 7160 4524
2672 624 3696 5488
6558 1081 8224 5124
1120 6421 6880 7840
2960 4250 8142 6670
1613 328 8005 588
4736 3068 8115 8784
174 112 3979 8903
1625 3020 4200 7231
1044 4674 1396 6584
3300 60 6710 5578
6400 5250 7449 9467
5184 642 6881 9050
7872 2664 8032 5298
9294 1896 9823 8598
736 1068 8656 9810
4669 4497 5148 7096
5205 5462 8060 6320
3899 1988 5153 3578
1455 1348 5050 6612
4088 3396 4516 9096
6265 2744 7227 6046
672 425 1407 5529
5206 6249 6756 7096
2818 544 3840 9558
7268 2792 8416 5684
4437 496 6320 2148
80 1479 125 1773
1090 4882 8951 8266
8672 86 9212 9484
6744 8420 8228 9578
480 4050 7194 7936
4642 1176 6492 7956
818 1360 5818 8125
2480 1290 4376 9829
3305 5048 8171 9812
6280 55 8264 1994
5170 3666 9064 7352
213 4344 2872 4460
4055 8148 8712 9940
308 6220 5830 9246
4152 6937 5597 8080
2490 4733 3670 9050
946 5662 3060 5848
6894 6122 8880 8936
2490 2820 3500 5497
265 5712 8237 6812
5716 3225 6505 7306
250 3096 7646 9606
1488 1064 1712 3408
759 6526 6216 9860
2818 2774 9168 6654
6258 176 9106 3190
40 1125 9234 9036
40 2166 9318 2370
8424 8218 8672 8268
814 728 4160 8376
3556 2292 8288 2463
456 419 3343 6500
7785 3751 7921 9824
2528 2925 4494 5405
3417 430 8506 9896
2360 552 9998 7112
755 99 4292 3688
7027 1395 9442 6925
2405 270 8501 5035
8102 4818 9048 8217
1556 2110 2453 6920
6172 7768 8972 8028
6120 5108 9007 6840
1406 6240 4480 8626
2723 4870 9354 7865
3468 460 8680 2752
1666 5712 6299 5996
993 4072 4507 8160
625 6004 6996 9607
3022 254 9100 6432
7100 6 7104 2824
2096 4362 6240 8936
868 5840 3360 7072
4539 6222 8766 8840
1444 9835 5022 9924
3476 275 8555 8538
5100 3892 5971 5412
5504 642 6878 2308
9286 2180 9790 3940
1234 320 5708 8400
2558 5200 2741 7847
7780 3960 8742 7732
1120 1238 5960 5248
4520 7082 9830 7200
3348 4607 8455 7622
2258 3424 3140 7635
5262 1902 5480 6080
3097 421 9575 6006
4710 2428 6176 4300
2300 8897 2688 9642
424 5458 1632 6504
6240 1349 8912 2623
569 304 1690 3420
5116 5020 6143 8196
8416 6778 8576 8392
8704 2586 9416 8444
5375 1150 7500 1739
5344 6322 7120 7108
5774 2750 6474 9097
7376 610 8500 6924
3294 8288 4864 9164
2740 1083 8840 2845
1487 336 2664 8336
192 5920 8812 6689
3981 960 9625 8364
2272 5052 4147 8080
420 5092 6120 8374
7116 2492 7565 9659
3850 4561 9280 6126
2988 268 8488 9628
6128 4544 6987 5792
817 100 3218 5562
5827 2337 9100 2428
8664 1212 9312 5870
6859 1928 7246 5752
947 3320 8060 6702
1578 4058 5388 9346
4640 3760 5056 4770
4675 6384 8832 6636
5543 2723 6690 6811
6175 1228 9495 6320
7525 4650 9424 5008
2663 386 6695 1017
6872 8713 9070 9292
5860 1147 8960 6612
4168 2264 5228 9919
2160 5748 4576 6763
2716 6395 3922 8666
6891 620 8000 1006
80 400 5992 5704
6784 4664 9795 7157
4409 1210 6142 9678
7496 550 7500 4216
4301 8410 7875 9836
3684 2150 4176 9175
3446 3668 6110 9332
6208 2488 6420 7934
9662 4418 9744 9715
2400 7152 9657 7670
7940 9098 9170 9099
4995 2628 7375 4704
1105 5034 9084 9547
2428 1382 7576 7233
426 4449 2395 5550
2667 1988 3600 2961
4128 3485 5040 9816
270 2028 3533 6576
5720 4972 8566 5464
7740 5140 8540 8596
5500 2940 8008 7146
3300 1968 6112 4755
1502 6340 7500 6944
2512 7968 2552 8015
4585 2588 4762 8574
1080 3005 5080 7948
1300 2396 4496 4933
3604 1344 5905 9120
7870 4000 8975 4315
1920 4839 7500 9160
1510 1846 8376 7040
8631 2535 9105 3912
2586 2086 3696 7792
6120 144 9081 6570
1744 6208 9444 9350
4120 2112 4420 7650
7461 1000 9335 1554
941 2573 3190 8144
3408 5666 5035 5858
3060 6630 4945 8697
7600 1086 9295 3949
