2990 3000
1 2 652815351109899195
2 3 632690092223688229
3 4 713732440599346555
4 5 376207728457435657
5 6 145778345215451292
5 7 131497324603865609
1 8 948548393722073616
1 9 630912648530108100
6 10 48160593309814638
3 11 646738522393029569
2 12 982988328724006943
7 13 241831945180288016
6 14 497951141982965986
10 15 493644092977057726
10 16 642635622722445498
9 17 20138526017538697
13 18 433263309916220838
11 19 709773852268905644
11 20 560165111556205281
18 21 854741904817758552
14 22 653856797730990359
16 23 784153787265706902
15 24 790025411407187464
11 25 652673793464134275
21 26 574758563709699026
2 27 606009726936891254
18 28 458649659039400869
10 29 974063923003492506
21 30 111634222832834685
4 31 113317430369702011
27 32 356338616984351740
3 33 708289496990922583
9 34 297790582238789424
13 35 278890926550710841
21 36 761938557503815000
7 37 728873961413416126
17 38 774872723625521707
16 39 114186674200707198
28 40 671030733246661244
34 41 532160505168776074
17 42 965720970129420089
2 43 108859563054016015
5 44 336887330140996217
8 45 433672464423536720
35 46 172861430986880084
41 47 320452360364982829
30 48 563548943866975628
18 49 899563030816268861
4 50 965551027754133660
19 51 478200609736847809
50 52 11200417594923727
35 53 774155687790169061
45 54 663320184354920341
48 55 283829104925120606
53 56 917192549094069832
48 57 250766041911084896
12 58 301791326161267459
46 59 696314845944119547
2 60 817530645295036494
36 61 7927119710251172
26 62 408974335936896685
52 63 894352311894703309
2 64 273583170895698653
61 65 114158162891065005
2 66 339832058930127004
33 67 511557258626499101
34 68 630049752593917764
14 69 351784292363190123
64 70 500427353125896004
45 71 597545525469868540
48 72 213829590830841129
4 73 575696210188341727
53 74 850174380025935364
64 75 62903882041472660
55 76 824942780326076994
73 77 901984229747995651
66 78 308087425222191249
6 79 736403840332173301
70 80 340066277313591647
52 81 909019300784960651
57 82 768845124436668104
28 83 493365458285985582
35 84 549138375400251688
42 85 268804881125623123
45 86 491694814781690841
49 87 387694366185362523
29 88 365852079114218260
1 89 896302339108255656
30 90 122688209278071786
23 91 942566088872752961
41 92 555721247936848710
15 93 907973901433406796
58 94 109973971242834919
52 95 934265650497572283
41 96 779534563331219804
11 97 843975562418098029
11 98 569202821982949376
69 99 850328047182673944
46 100 103579470145530762
45 101 679272461280649677
64 102 290369177943014664
1 103 878711880375808943
65 104 576703203710054274
3 105 68153183824802174
83 106 559989237506591411
8 107 782047351046019468
54 108 386522626349092103
11 109 11411995014786948
80 110 43134544903310890
10 111 419648288042481511
6 112 126360723851132194
46 113 846560101507351671
105 114 3387055630855914
45 115 367858705521255069
102 116 205626217610065380
48 117 194705650609403451
44 118 915881213279702484
58 119 652554141760151415
53 120 601848484788569769
82 121 652242794716843653
17 122 499107832513895460
81 123 997562238364509715
73 124 963656974555594352
82 125 871388496903039434
31 126 966345498100297550
19 127 826175442400318205
76 128 146901789380084556
95 129 921803252825098190
118 130 472245516155083491
56 131 896801338761040894
107 132 22947485656713080
6 133 639993416786053941
114 134 8642243957067011
127 135 271683945516752954
66 136 108136419231796369
50 137 414157588490615532
95 138 895784821400148200
61 139 255224177357209254
27 140 320211480608486679
31 141 158522565540785108
13 142 180851192247073606
138 143 698973185592432830
59 144 490575939684806176
131 145 203656589248708455
129 146 432926552086959181
4 147 109218882748025272
116 148 217839977969998133
16 149 494768794746561173
85 150 509869256955723178
36 151 355651158948592134
59 152 747193809754476494
69 153 625916081130499762
75 154 858753684373713650
56 155 512490151587907799
139 156 134193248620828311
56 157 846418973501082353
108 158 16073716543714942
62 159 362440879220840624
33 160 586300682325301887
94 161 344750663520344470
43 162 748749956977751330
92 163 770704657975100139
30 164 294096289146224282
63 165 966747034361059767
47 166 597372314680418823
127 167 531233096401526409
133 168 319792509832664653
140 169 765022513295472061
95 170 924931326349560171
24 171 956316367479689330
140 172 414197122865383241
93 173 456207782487359004
76 174 900378484314049471
124 175 601547099704067388
168 176 754583441967251945
76 177 942490758589263167
80 178 48049376243757541
72 179 906594413331620821
166 180 962200271696957071
7 181 770097546626862412
101 182 313280061850117174
67 183 894393721997375706
128 184 467467528638482857
86 185 762010534479225790
83 186 981327343938616815
88 187 631871051391370852
106 188 534373064727312063
184 189 501365399940852139
105 190 586900176102592235
73 191 705240551499646003
12 192 748110070347830832
158 193 370697773942988245
149 194 248441774990855644
73 195 353648790613965462
4 196 83488295768950727
170 197 119834766563344195
149 198 144016412893920805
65 199 89465417743200544
1 200 41840217413012391
28 201 203748270625778075
104 202 53579228254865643
164 203 529041937050124916
94 204 412526481255611811
13 205 528139821827289317
25 206 769634071840388476
3 207 286360740498011941
163 208 858976737206469082
84 209 325813185097359245
46 210 51633181414865486
172 211 813044562674825852
36 212 879283280085248151
192 213 423141571483088641
207 214 592398503784782655
131 215 445012775530222922
119 216 769008762633331393
106 217 685152684364995934
165 218 86010373625288764
187 219 393196718187804638
166 220 587232854344383937
185 221 691957783306986753
100 222 836388640036373617
222 223 868267929336817223
83 224 838259999450047011
66 225 888691221743313571
41 226 500763890271800619
152 227 365415943434213861
155 228 564048794478723380
165 229 225283393997595944
172 230 562699659507315066
164 231 713908615683378716
192 232 254287746773941175
123 233 267167903266783450
26 234 354071117676891571
222 235 10707974127564612
82 236 49343210969302164
8 237 167917226735076600
223 238 243294216042189508
105 239 496078235188932450
78 240 6606047649409455
201 241 226599517914412443
82 242 147623529520019557
200 243 900826733287780446
38 244 206011511110978343
140 245 283524175832927167
91 246 84855109156676072
174 247 864851665064517862
230 248 573326588702854982
8 249 244131464166249220
226 250 664662024158298448
124 251 242039210024629466
103 252 23401257527109734
79 253 201875941509616866
81 254 98168726238547313
180 255 777645476168667014
99 256 752635925906388934
182 257 824624730369898966
239 258 24588565579653674
231 259 310749446567878465
171 260 12169216256352300
132 261 126073531288107541
45 262 165913504764452288
132 263 107488231557010055
194 264 644603300063556295
77 265 675410582750887384
79 266 399466935512737877
28 267 506212718160144259
227 268 200725058544895391
226 269 541328399856083468
143 270 96430218228679130
207 271 200807741355762270
49 272 866970533303541480
174 273 928106265640481827
170 274 410212166755901872
140 275 825952758496722881
255 276 886472780930533808
93 277 28654118336439499
12 278 572529963083115844
55 279 971960874859471989
72 280 963259572983814168
189 281 891303834851686738
8 282 488656650613391745
270 283 196199961800206915
62 284 771452596454590353
42 285 376932046869083757
106 286 777968735158758476
147 287 283692358156234065
235 288 635600491200502927
221 289 45626203331224178
186 290 936228714274717181
162 291 748241943262158524
8 292 734107097714119297
240 293 544832308487938948
248 294 536668920162812696
241 295 573510588638287695
117 296 297399909164696534
42 297 762077380975928373
104 298 72867606501517177
227 299 572755395995468914
220 300 580336232361101366
47 301 984735366313367972
90 302 259769091361038298
193 303 762727142516250850
134 304 790603085471024293
178 305 774630951667688108
59 306 983240421081545995
301 307 758057386024243529
271 308 802098952153426547
246 309 748939688571557635
252 310 418809194441748343
79 311 155477602502756565
65 312 515947845336729171
107 313 706730133718666473
128 314 578724390577141034
43 315 32033066618498728
240 316 690246143219992325
50 317 57086341394780115
210 318 831027591430036659
272 319 231489986309964414
265 320 201442377105834946
31 321 261733043029653172
90 322 839119876686098682
226 323 411783847637354787
42 324 703265566093007627
143 325 298056466999864482
104 326 604535000914282145
64 327 340426257231132027
95 328 816909513909671152
172 329 231566533640610422
113 330 137056111636333645
37 331 324400994294824624
124 332 925945680673017483
297 333 190844172215181460
266 334 855038037695478650
142 335 57427683455319239
157 336 133937839385019051
24 337 579626272512700099
280 338 592058261917395559
129 339 139438719102911004
284 340 972134757339782124
300 341 186256151190412431
43 342 535666302768257868
212 343 764673943273513034
47 344 94032092513744013
133 345 543644691589669455
211 346 199779945814247770
164 347 118406691981174030
161 348 744046210563248097
164 349 895906536354498750
223 350 909014992195202967
326 351 488292386647951896
207 352 82962778455922391
119 353 184178023299735484
344 354 768825649238449610
267 355 527387621060875755
222 356 48696042302271531
52 357 167423315244986845
198 358 728140714365595506
326 359 518091641925335995
171 360 930645139033635302
278 361 428496915006327039
274 362 743538299551698641
112 363 641395963443135066
76 364 968197303035567119
128 365 975821158118265465
11 366 384211527387117628
354 367 248128279696973177
358 368 345605771133727325
259 369 288518342612250045
286 370 654048624008044618
58 371 550811347063043790
298 372 363321170353218240
197 373 560797489560150989
311 374 287416635430323422
283 375 489445520112512871
46 376 69821796889252105
39 377 585896636581639137
320 378 719845016224297338
351 379 452131656545542265
191 380 906629937239073779
352 381 729836945379690568
116 382 699857520908758280
125 383 239761673922269096
181 384 484290336428288472
299 385 795595344897837664
87 386 113666139575076422
308 387 840821287394948560
219 388 415963228552535340
101 389 8976682148203421
191 390 745983687975840829
111 391 249438794501072029
351 392 749118612645754846
228 393 633283585849716857
85 394 121791265702058676
51 395 777981997045001576
249 396 753843401853235223
174 397 225864606733072809
324 398 39165909086038375
220 399 784187166908778600
320 400 45161444213976458
17 401 879301199158214190
20 402 990724582747067537
64 403 188700553455354111
188 404 588616756773518857
277 405 572911443578613897
246 406 221806754068261789
152 407 974725113003424235
114 408 543119076156691061
20 409 461319499439271084
237 410 499339382596816920
244 411 360979436605299089
142 412 7298809399720374
331 413 401161730291787807
66 414 792110165709223955
376 415 861558272681987248
119 416 492531801056730971
131 417 678098210087590008
384 418 349012426554307569
355 419 124895655549185647
269 420 601375633491138096
3 421 464809754563762278
40 422 415323703469077975
62 423 663849548699026687
329 424 460134070635975621
308 425 344440418693822130
409 426 706455790714710051
273 427 746485120602069519
305 428 818309795699248552
294 429 722421557447218375
16 430 198695749701733469
415 431 725802082807989371
7 432 146781712587620565
393 433 141884139498480537
424 434 140883731487922035
311 435 249057035739853932
347 436 218485699601491528
223 437 195043232653513527
287 438 923007408433551413
351 439 762030899528119400
93 440 839295283756888947
35 441 878225083090052380
212 442 784261798173733722
224 443 336259083140280828
357 444 51897765666439975
153 445 226595462727216611
83 446 16821134890955707
148 447 798706049524986416
56 448 667406946358568939
133 449 59907150297843103
26 450 374490192371618311
361 451 316150699674025832
93 452 618709071528322647
9 453 732179251214369853
253 454 905685334477812152
394 455 67290271084251673
331 456 33736856433722684
359 457 975355412235557441
73 458 595115817888992016
126 459 504440555379404125
135 460 298825768534293592
196 461 52799081678470847
185 462 986150008137059459
333 463 951716992804587362
169 464 127125845677890652
373 465 240852390757221709
137 466 811554964992840027
63 467 587211865438575844
225 468 253519532767538506
122 469 990687628032408105
179 470 647615611427874376
172 471 839403917717796989
316 472 963231590237049343
224 473 895147227325426656
66 474 842135565426995658
251 475 197694449958062088
181 476 506130303897460801
11 477 426099050241855529
116 478 885690202353677142
280 479 400871457073482791
127 480 37505863684222348
168 481 632512843188072953
441 482 579504532744331780
265 483 719157938544644736
440 484 358982651587443888
60 485 805684097995560693
356 486 992137435380718689
434 487 122183668687356114
361 488 170333757388847133
381 489 510659750199885346
180 490 854600005682080611
89 491 273628843761404694
288 492 996406968647665573
189 493 743821475694857394
199 494 416003393730445740
211 495 962894406542654029
107 496 487679312250419069
109 497 839033057038559747
74 498 411688806794197998
165 499 904881705293460552
25 500 832915084882280485
188 501 584888752384349915
19 502 576362699600561227
217 503 479938875802420111
468 504 572779139352572185
327 505 668363557836219798
301 506 613303249307162382
330 507 729924819576342399
125 508 163825438109096600
64 509 886840375176968656
297 510 245758294524966264
128 511 663133304963544103
454 512 674905946233493673
319 513 344486615122362099
467 514 158540466221952720
58 515 84326058301989899
271 516 610377042721340015
340 517 450739778282422181
511 518 853603299554969260
401 519 320476580416058798
408 520 972593728726793907
360 521 811451560096386889
322 522 614571150550068961
509 523 951963439921865275
323 524 278100828649828527
305 525 463281548159199315
373 526 786814987376315026
151 527 773958007917629425
5 528 152372696884901702
524 529 1094721714021260
328 530 443105881795343883
145 531 188816932221227269
62 532 960063876295453641
309 533 514738540334239931
496 534 267178417849084253
268 535 486979062987719300
261 536 91653300254513619
6 537 47493212440332841
510 538 998797575886529093
121 539 936915259209067599
195 540 875625250122862501
453 541 483035434244956969
133 542 13578058815729312
261 543 166694494239535786
401 544 431202067854017948
417 545 367109596594233092
405 546 299829822709569373
346 547 602114263031957564
245 548 150174477952025944
226 549 333729630092856229
470 550 270298864313470040
251 551 961963329191260857
407 552 323356349089240884
260 553 230806816167051393
195 554 920397503173838739
5 555 979077059316780392
132 556 44543986901414648
253 557 773157319560719040
380 558 100338265152496063
155 559 641551036308132316
315 560 325577828888175908
97 561 624388803043328125
412 562 182586123798780888
510 563 808448029616013072
89 564 651423098909791776
415 565 120966336075290080
264 566 99170995562028292
167 567 682332829004657779
451 568 15835611019581488
441 569 252058937797126527
152 570 72137197488984925
140 571 998622625813161087
139 572 383416853503636487
527 573 730496090807351306
515 574 933266837525445696
33 575 661837071447089974
478 576 972088652406401494
281 577 364506383668534506
137 578 639615021256007846
379 579 419479718064395552
368 580 412234757789325542
229 581 150288359883686785
114 582 235392957521743065
255 583 637621543351850752
262 584 550582087723597457
286 585 497116039016333734
582 586 271238509312823034
465 587 714637094351284245
586 588 542885924472312913
288 589 272728565086865038
344 590 116690877721639480
245 591 393610606938767155
523 592 963546175710708112
524 593 719609296203458200
390 594 711579610514137608
246 595 404359101996690865
444 596 809807609899491990
469 597 154797951242901337
136 598 311218014620359113
482 599 909842092389256451
248 600 601758687332916364
127 601 292830183909604468
412 602 948583701557659261
87 603 980357478094900070
435 604 891871102696873418
598 605 585725661183716244
234 606 276237560246852889
499 607 770869776590751186
221 608 937823463963027911
461 609 969059219304618793
384 610 4130995244465277
424 611 783483954456747043
35 612 467569628385812461
461 613 744700146205135401
113 614 936560918912001714
173 615 731811290752702987
133 616 62223962165706883
465 617 31672726542252595
595 618 862735281368689439
38 619 507266025035116340
184 620 857284581036116653
308 621 746680524515810465
117 622 315719805473409152
168 623 493462102575053671
331 624 518670043617006016
606 625 589718761096152422
186 626 803922332863865197
3 627 337341748448321538
607 628 453264537093372812
142 629 327616321639689457
63 630 670846471385312923
18 631 862407358517519116
196 632 420389742441087745
577 633 790805600030586212
532 634 250458244292175012
402 635 391788049530293601
153 636 443492206450361299
42 637 641466129863509148
450 638 788350246849887218
627 639 90824942734974273
47 640 505573560512420972
168 641 248541248854492142
417 642 154401025517608179
296 643 723667724773004057
406 644 151134608215313508
138 645 405233881288718054
448 646 973881933410094789
21 647 841167344012923144
459 648 302882327963329992
132 649 963383418118843620
139 650 185755963997799129
42 651 656162936309340991
623 652 624673785976589342
99 653 809606619083530455
89 654 592242075994956891
485 655 157170607295513724
243 656 746790752715517031
309 657 736159973748770209
231 658 545227143007577299
591 659 300546304817106761
152 660 827982755848988331
493 661 673827090551189136
653 662 293276580630089581
218 663 319929084872112919
268 664 572651162190110495
550 665 685329552814316545
545 666 544316682275720958
341 667 242029591240937266
498 668 187367326087913107
420 669 647733811743675358
395 670 386229534355774548
275 671 10445049684713200
416 672 90338092416222463
121 673 621503707201519967
552 674 85101010386292546
87 675 603244477632930296
423 676 561514530088985365
6 677 592205004483950692
201 678 506133759530646612
538 679 441401824944559806
250 680 867098337613653348
267 681 573720087172381610
12 682 857127720061804969
26 683 709885963581213732
418 684 220175498004355999
239 685 605922024172168987
441 686 814606029514539080
300 687 3344700664674371
652 688 603924090689471354
197 689 828928329701982138
549 690 117272123698569502
49 691 800922999574287489
269 692 84967068713766548
631 693 758984847009948973
463 694 69188612972090893
527 695 559376528675694381
431 696 312757010748467845
403 697 645654903116332737
483 698 304306415524285221
19 699 46277556778764881
73 700 698931811661827000
419 701 225293530112796752
33 702 847503998328933848
283 703 321961614990247136
603 704 827432294606411000
7 705 624763366325080474
195 706 369637367109949009
668 707 112041956235235912
313 708 797765816718842444
683 709 856444806549783696
47 710 639279461433198301
357 711 110969449767988481
668 712 777128681799287766
309 713 318694442144079972
611 714 503766801753933162
146 715 431657689990271873
184 716 102781113034792253
164 717 392622626450867769
35 718 418397594209848400
318 719 857448253747936165
310 720 3814925255668810
273 721 338572392435474036
447 722 978173380992476813
419 723 132748029853104623
329 724 640434907415894093
670 725 87228925104604126
84 726 618005764746937763
33 727 814337809240039053
71 728 346386503073353711
186 729 513769537456719491
563 730 269569222872095663
45 731 536015322320702362
55 732 484312508294192996
447 733 670946349044748864
366 734 402299923073814790
626 735 717352444911495381
112 736 478113218082032694
27 737 721769915139300544
215 738 646387764800814094
689 739 780718068358091394
319 740 634718087031341524
124 741 176548908486117191
79 742 597515493298738033
517 743 512387164023169485
434 744 369796844637530253
216 745 424154067910172378
134 746 379420828168997720
708 747 789890734448936880
686 748 98090290325548904
370 749 715726685267679121
570 750 25292066377618390
545 751 407234818972027073
441 752 917410867335386888
111 753 834361844215515048
126 754 742839836572624805
134 755 353605488664658896
674 756 341970981977585104
303 757 400101908288714388
454 758 324335126166741890
49 759 781638040043799575
254 760 92626949279766245
59 761 191278472656899814
305 762 96835668278283933
555 763 122900755148478079
726 764 87159165551610854
614 765 113161841434431829
174 766 411862756849850990
82 767 824044218412577095
162 768 72587848404208313
380 769 650101681487682503
126 770 33541550146242382
693 771 969889955661294754
219 772 329069747721825811
424 773 191573271029673530
729 774 34969652396836321
291 775 503148028336052502
531 776 677289662514978072
561 777 258967274186174189
508 778 91147068054342078
133 779 399225280970486733
58 780 566452053320004695
462 781 201594049605519876
708 782 625582835360432794
298 783 537456019960267195
551 784 860248918428424307
689 785 394564820628551448
669 786 951042273577255178
157 787 97315209115008772
686 788 83739385949235445
573 789 991890060380958474
504 790 409667740922352661
489 791 380790847716356710
200 792 797277863275886790
47 793 542846854891419017
277 794 331579929248009317
447 795 378848889277278051
569 796 765595745774609634
549 797 906733652635735844
775 798 666375697917544925
469 799 887343742345273864
278 800 18290426106204299
439 801 649761135069225688
192 802 84219448534577596
13 803 373138392121972973
528 804 786149739776643617
741 805 975671031761459053
431 806 389269196611474365
7 807 573306521046232254
140 808 886622669418981365
273 809 342604333002907984
459 810 832214825819850050
788 811 552147205235099059
750 812 325888471823440959
371 813 288066473432804225
271 814 111059250540828405
398 815 515852738011321768
106 816 976584524611369879
1 817 738076679648877805
420 818 755899945788310445
759 819 685055990385048876
129 820 826142170111407431
197 821 272308180001655475
549 822 759016399584059646
746 823 346739518373735627
340 824 772581582714055444
296 825 306184675999183152
6 826 727829158579388853
638 827 707112315508504246
732 828 782431404608087512
87 829 429856924965404423
206 830 97392783967910281
71 831 411959790842593086
236 832 592015496778615225
63 833 648617948345435654
736 834 377932301446669527
448 835 992679061375088113
103 836 838290122236490208
671 837 639673254662880777
787 838 326616400108244409
361 839 121444055519938380
379 840 155701177319742532
438 841 959684659094871616
234 842 780514651380553575
647 843 898199862146861769
300 844 123093233474327788
746 845 263737893016260754
375 846 561932804271915599
430 847 859747284090921482
502 848 141366303515486045
111 849 166728709575363877
743 850 412616378473210526
228 851 66984898088366099
814 852 289593438463079329
668 853 616007598578841904
77 854 771987051038545283
673 855 631957290686857272
597 856 491716851439073160
155 857 259944153548062624
128 858 880001861606672499
29 859 968486473930855505
807 860 138256512906471929
721 861 586404658326205406
98 862 760632052071861776
639 863 191207744419921964
624 864 195779830744623341
269 865 244624850107124176
850 866 390513217962670135
566 867 698734687608490058
386 868 937279520448256258
301 869 449739310240021660
584 870 849454381947192133
579 871 161274298107818272
519 872 207929237248838367
431 873 1315079021466278
442 874 415140322355203426
345 875 261666192004562491
501 876 729656887488594930
257 877 805771455380625273
71 878 130549754014527504
610 879 337902256472204054
876 880 53002651057034545
179 881 178615927587971201
114 882 234141036193597591
559 883 447501784728362434
375 884 464312507452037128
82 885 9821415958300725
32 886 627389726285661806
280 887 458985616850127021
32 888 610841457559488070
144 889 740957974950337997
636 890 670309856777608347
431 891 135521480855073531
457 892 756643360240799993
274 893 769838590964053795
691 894 986123115547295019
79 895 574570816424318166
365 896 472083525367352952
698 897 647153461709313057
68 898 160534080170601086
483 899 54928774372527506
691 900 469759861617074782
799 901 643746473781336526
110 902 967121325891883731
142 903 105213839166176279
160 904 228875037243282565
101 905 833314494841659662
758 906 798085064228095776
552 907 893680482853312749
90 908 164754826420548704
445 909 169171353325490777
572 910 831885872487734689
650 911 201747140047982307
604 912 554933813557331390
790 913 362414827272706165
264 914 482355913066564555
533 915 402896972806641977
516 916 155174912655584017
161 917 120335199081956168
338 918 32526671885343194
762 919 520529465841207354
439 920 404656535504425713
813 921 441676476004220925
388 922 508145439754229717
310 923 905265014379524657
310 924 431678728423779344
344 925 729366993771189663
528 926 549791724172647195
636 927 497554105167154141
170 928 570329395241621411
757 929 514602092401645000
869 930 664510955780336921
921 931 165547670115716856
781 932 212662727062569517
575 933 534580695802763421
881 934 698211576650986690
865 935 471131167129925847
244 936 749363070327784728
604 937 614029660670745824
785 938 656018557242736363
83 939 850242076662363167
144 940 750256477478213241
366 941 706705529681833908
817 942 133886426850713829
911 943 99544291487091917
837 944 67674689276563359
386 945 104128252753405783
278 946 665591170756556540
775 947 852954896865624542
379 948 74148794845936738
48 949 268661799059978611
556 950 384648727709935572
847 951 649984636562703487
267 952 850962644805177458
293 953 838804890588759230
490 954 417639679383278447
789 955 871634896255759840
244 956 8831942728709656
298 957 204154170898481494
137 958 92968974554853609
51 959 895838077339722170
672 960 365451507527282760
492 961 158134818486969108
601 962 411534287322797491
360 963 470801850775271998
232 964 785425693367142715
813 965 654440383202698592
275 966 627570632578003029
869 967 546294314544423706
412 968 102841243050361912
89 969 742417581761318476
477 970 171262109864971796
448 971 290668558341507901
403 972 748744863212680361
451 973 420914834227822595
211 974 717724350437104367
786 975 369021296371229670
871 976 61475244829842835
521 977 180499534423463534
45 978 469177040539186130
282 979 714071898399924138
187 980 775248152963817321
293 981 215057538770621575
792 982 706249823112930808
458 983 995485175945976400
715 984 588001902403468198
158 985 3699430806705942
417 986 854280784606954837
749 987 917229379778231280
346 988 119830561344917910
113 989 15482422720390151
149 990 82382267737563569
701 991 871409766305703079
749 992 826582175993217427
873 993 930739684491486150
169 994 286901577745034567
904 995 719329386055531218
27 996 608885021520768956
767 997 53366604590293884
35 998 547287076284183491
785 999 317140920603603897
301 1000 977369262885229745
457 1001 154134698869369656
942 1002 255903925323656773
191 1003 721391204208518591
693 1004 288403756754465386
545 1005 549812716492373964
234 1006 784062498636867635
630 1007 687068161821922728
11 1008 392140500436101069
748 1009 625607107210003251
957 1010 507510575887464426
959 1011 697199315504692367
152 1012 155529330200019655
923 1013 162886107130848441
253 1014 954742660423445187
6 1015 178931744801146105
784 1016 136183535474310288
137 1017 369020555814381459
83 1018 871333597088546895
952 1019 171695954955709976
74 1020 798544029814822323
159 1021 570435760565425373
417 1022 501030360834144571
714 1023 788345864702335920
873 1024 371353776411460917
133 1025 329819108332300074
882 1026 573140456939442062
311 1027 88591992569202524
683 1028 720111505331483110
117 1029 744155412922829504
83 1030 555170000063036319
369 1031 602072526708407653
445 1032 19148109181617067
152 1033 530903042843882455
828 1034 926476039875968667
973 1035 64492761711273438
603 1036 34910848866642351
551 1037 348916505148106225
596 1038 352673680922361961
402 1039 892221869792694512
883 1040 572488752040338183
696 1041 110642864507218896
667 1042 431145975140973684
262 1043 449940732356821516
180 1044 751368725831941517
963 1045 427840046261931776
617 1046 602148626089719472
456 1047 708176062932028287
724 1048 969683481646374573
572 1049 169598541506341849
425 1050 744504572854495307
649 1051 94136493120515405
1039 1052 205261218745167161
73 1053 955302851203652095
988 1054 676723394841770288
866 1055 377376468956457184
680 1056 228390063842658884
373 1057 38196358498658690
419 1058 766420708631156686
561 1059 385790706430096521
118 1060 361115361939703552
515 1061 20612512344506666
697 1062 935069304765680692
847 1063 941931923754444117
309 1064 109221217224600245
656 1065 631135259061473485
286 1066 108690395098025157
304 1067 146359171319258800
205 1068 124605628988978767
604 1069 733193851330515831
571 1070 687659244944487491
835 1071 481217466631540620
845 1072 317029192267390195
208 1073 926969356132516026
622 1074 321626422665979552
212 1075 579587571409137798
864 1076 949459086717979407
354 1077 982552127248600130
585 1078 406404027769486218
562 1079 769894153609018417
840 1080 354400725676913014
960 1081 213312267599399051
1003 1082 927717617087077281
321 1083 246763696251059523
386 1084 279405607060557792
950 1085 493110251096269932
133 1086 256850200004404696
219 1087 499443627791939114
567 1088 24029833207085024
555 1089 746539998748659459
630 1090 736086212953401092
458 1091 729954399998673809
809 1092 518564647919616919
197 1093 759330562010456037
463 1094 249983043685648010
552 1095 224528313463197979
612 1096 946306404560317931
143 1097 12567395802329747
755 1098 686300128073892303
260 1099 829724099324417297
408 1100 600921823540192172
863 1101 241217010385794834
923 1102 580569925679178535
826 1103 32071775369486186
609 1104 342034660867441283
735 1105 581829344983171683
927 1106 6414801980694878
542 1107 207553359735623110
581 1108 46714575265720680
283 1109 876202315150749132
994 1110 896255287910617836
223 1111 927331575002454643
196 1112 733361376259144704
425 1113 637053537194266454
817 1114 270810379388512334
758 1115 967741145188984297
143 1116 866440101529122767
707 1117 871034912476415913
350 1118 188023609286600020
173 1119 762421569479094172
145 1120 497998506883660878
919 1121 415237602279030338
260 1122 242033868701612166
879 1123 544608015284675156
520 1124 429989026354526370
878 1125 183491310962634079
403 1126 488420521816811696
103 1127 938417964306725100
690 1128 876850929578913563
254 1129 178104995752835142
780 1130 406532087789953732
548 1131 212565291555868435
539 1132 890245075151135663
385 1133 963618723212100240
78 1134 176359835226282961
103 1135 798652659688872284
145 1136 831017182277618874
430 1137 460775736003285812
509 1138 106152895429824523
468 1139 949288294094743756
670 1140 348171293256865764
598 1141 369715840133369147
1077 1142 801332300321435800
76 1143 41892823984813090
269 1144 143726100971832029
530 1145 496639921455226792
689 1146 986380689157982768
67 1147 726247074919934109
252 1148 26088181725910583
668 1149 992204284524317341
634 1150 763495096921739716
994 1151 651013403562534943
1006 1152 260348150557423263
589 1153 487192131918796609
908 1154 399492620554479008
860 1155 736324884888893848
835 1156 857008663006620523
1006 1157 152418066065468271
1113 1158 49994466967827098
357 1159 646556549138097316
456 1160 722133104888651534
546 1161 991013311986221667
416 1162 289205324059094823
402 1163 269684714844050557
667 1164 670684014015732616
446 1165 400784907424981425
1129 1166 533826551010805813
429 1167 779535432256480964
15 1168 862186624780716953
809 1169 426319904283288203
834 1170 623002683035857275
313 1171 131051342911813577
995 1172 712099749839131869
170 1173 265233961679394972
740 1174 757099483674059214
857 1175 767248489009309156
954 1176 859317821378417830
880 1177 149230823676449246
717 1178 603378236677271430
1132 1179 818008862779574717
508 1180 443746057235596004
804 1181 77766059977677549
907 1182 607765329106923627
132 1183 150896311002117125
222 1184 277069787757183956
303 1185 193563955281585436
946 1186 141910005874672672
457 1187 394573525105829552
599 1188 564307747476575027
689 1189 863236076209525567
30 1190 69902722620836172
1136 1191 918216858325784041
144 1192 603810281847896106
519 1193 411784617753539435
1050 1194 767595133529410021
1027 1195 179581026678954517
1029 1196 454933104057659978
887 1197 954982774466437477
236 1198 934607715946550193
927 1199 458357789284051126
880 1200 821194576793126979
742 1201 712840342938069972
106 1202 658468879437123679
611 1203 55867736861115061
313 1204 700500619070125714
283 1205 869741474751161505
245 1206 856255530313451410
1118 1207 903270644351061419
971 1208 938605972795462437
237 1209 48587288062425063
534 1210 167276594469890571
799 1211 355184025647114052
847 1212 565937526837766363
443 1213 479802985348836205
169 1214 576316883838560415
388 1215 562076896836098320
673 1216 487932657775263932
759 1217 668361131541399096
976 1218 38148374014810349
715 1219 327486682236013283
1075 1220 423136595303684621
654 1221 119619777568117315
778 1222 561419544714247159
945 1223 720162393736587013
542 1224 985505128733893132
246 1225 705019858194525871
854 1226 163812112296670471
995 1227 126726656326433465
427 1228 717360792729435730
338 1229 793121853583971359
761 1230 15748019092742680
691 1231 346281876485835878
1151 1232 43641950039492678
152 1233 500596834213421962
720 1234 103684561048627921
675 1235 741859635238449213
91 1236 599724038714544356
585 1237 628890176977484218
713 1238 555529298326552028
1085 1239 179545455636052242
667 1240 350008112921266213
856 1241 639411796278828308
7 1242 456698710416923067
984 1243 874816340281587271
553 1244 422806378285724377
1187 1245 841921670924478038
1135 1246 826194762226083005
440 1247 787250442003068365
71 1248 943334164579294464
549 1249 241819429345094688
1163 1250 251787639610893440
233 1251 588460115953285192
159 1252 714854784917039474
3 1253 899082216673270950
14 1254 29580074545891183
231 1255 55335776199951734
1243 1256 801348681940989067
629 1257 442929749531176236
31 1258 666760357363678658
144 1259 802177917560909398
970 1260 831162374462633714
1148 1261 439581675749633987
222 1262 797953080233445924
81 1263 305671762908863728
362 1264 542091173153399009
438 1265 119814752223511043
145 1266 768136130704722080
990 1267 868754683263853035
143 1268 380658089621684380
1256 1269 101802088835020107
566 1270 298231417925296061
423 1271 619726962479611872
1039 1272 497229336460250169
1266 1273 678732584808923184
623 1274 479417458865222898
565 1275 244170862834753004
871 1276 867565560698979692
96 1277 355236804228164331
208 1278 473614975350337468
16 1279 131038414658066632
1022 1280 772604267729428813
51 1281 898992064571055601
1008 1282 443986174516863492
529 1283 265983572379445482
84 1284 180252546031360828
1119 1285 502030573361191294
347 1286 716345692248564144
863 1287 17582760156231101
487 1288 288689980817127615
733 1289 125045984939649959
928 1290 433192021514752129
1102 1291 14341907785403507
193 1292 404860454641285501
1223 1293 935423774367017085
420 1294 845864932283142645
1256 1295 930922548336313275
712 1296 624901196378610255
698 1297 734946181444352794
44 1298 129369615372193497
984 1299 572580410401171718
519 1300 929111813466921061
301 1301 777682605132986269
387 1302 766702481283611533
263 1303 880338167873908514
893 1304 145052850344203783
320 1305 220834392206404108
983 1306 130691509502605240
795 1307 821081807601980435
730 1308 630710908775528848
603 1309 184970045643184165
1165 1310 357006348594605655
1219 1311 772790185351366381
843 1312 714804987977407439
231 1313 418143811016855758
1209 1314 468443900133142730
991 1315 15850038114997738
675 1316 604568348945464330
944 1317 578411483913679434
27 1318 800154600880231603
470 1319 830495664295477562
242 1320 28703798546120405
4 1321 685077289537355129
1249 1322 887819574770219226
509 1323 593739225267759591
32 1324 493126629878222195
961 1325 619231496460597643
505 1326 226202614280711745
894 1327 330438409810025839
34 1328 977234105378934950
69 1329 944039051210113148
684 1330 651902032386360601
13 1331 659138349476892890
439 1332 367581106527600292
1137 1333 944369118087690565
283 1334 937962623926529944
331 1335 334697131092317490
780 1336 404854064666822082
988 1337 239785725427189082
148 1338 443236640736381759
1180 1339 266724345605863166
390 1340 132459664126397730
923 1341 12445358775092023
902 1342 227552615309725020
1242 1343 886416768537661405
7 1344 670098673947001652
871 1345 757101477004152406
681 1346 946021383368196487
1323 1347 735736839622919018
5 1348 983835913853639555
547 1349 725917833053532980
1074 1350 190239692904885477
410 1351 978635324889307574
1010 1352 760053706609339890
1293 1353 946306938650565737
156 1354 531478786894252292
179 1355 233375307290507834
1338 1356 568294756119994444
759 1357 746455551590200386
771 1358 365382156488421040
1060 1359 538484984763067831
165 1360 329073218980679234
44 1361 441965437154825903
971 1362 517083006862029883
544 1363 188259689171958773
468 1364 468666858322629369
358 1365 899694324916362587
25 1366 278733043630626930
952 1367 408971388008957712
922 1368 224015450128520999
1247 1369 378204339033860893
275 1370 675552238166837625
425 1371 672992385026638452
110 1372 411619135196365368
412 1373 638985252743071898
794 1374 581397870495555243
1073 1375 347266867941054575
344 1376 374394204141086489
39 1377 378322812319836956
342 1378 169544120993244775
465 1379 714338432345455349
635 1380 484276535509865485
403 1381 9736090536310037
763 1382 928895336159348283
1100 1383 36036107525529689
755 1384 422501881665739826
791 1385 353786576999136383
21 1386 884076983697349500
710 1387 862791098082766678
931 1388 883606589518167516
828 1389 998109714279772197
1011 1390 920189363724146549
1187 1391 735915718832990951
353 1392 191832476253956880
1051 1393 693856145167897487
1003 1394 41017297078708355
847 1395 804699595848656680
999 1396 91518158290663367
344 1397 359475746328405055
570 1398 520860721539577750
587 1399 167819745650456019
911 1400 700708653982120296
71 1401 414192776554676087
1244 1402 957806253259872633
101 1403 579720932115731382
515 1404 428101200921533730
1142 1405 192501357016622472
424 1406 964926398173593624
138 1407 822317249886448349
953 1408 989888820912189787
1059 1409 550200739686200058
409 1410 537781370917674753
128 1411 999843149946071730
875 1412 781627879737135651
225 1413 762187578142122271
845 1414 476043486454354616
1338 1415 639394286643344676
1338 1416 608521404158970298
1201 1417 798412466623257601
711 1418 559970768196760918
244 1419 472763542829989020
1404 1420 3389085873430217
589 1421 188140395909283848
687 1422 798258837863382085
1316 1423 929965838047541386
964 1424 66564829575391271
1096 1425 375859121203081637
1170 1426 569883875306306369
1225 1427 282158904037875389
846 1428 830202032932534884
161 1429 730730448210000288
266 1430 376110847890738074
309 1431 390556160599890615
554 1432 376246771806309254
1090 1433 480810584167242220
1427 1434 731737166554744066
1123 1435 130619577481233969
199 1436 493250473161433861
1270 1437 706915059575622384
1109 1438 19443626623271098
572 1439 513308864196256209
1404 1440 960388224853240459
1306 1441 208555699826338623
543 1442 373598452136382277
195 1443 960602211278693900
940 1444 555440217657415010
447 1445 605186716465283956
730 1446 936176911890409218
810 1447 224056649799188696
968 1448 881975107982904607
1166 1449 526263173275835775
1046 1450 783835856508361616
955 1451 825150596341805620
1449 1452 482532565699863932
708 1453 433572571762691243
1395 1454 754872998356692709
349 1455 531273325038468707
1198 1456 977332959793051930
1328 1457 39209748986481872
1040 1458 174165234459717743
660 1459 915821429340261650
349 1460 810448008368250705
572 1461 551403835064510013
1119 1462 285015234088951853
670 1463 641860476006154972
1360 1464 638245679229235071
1347 1465 294606749896991215
862 1466 596015625056882052
1263 1467 823091766131769203
1343 1468 736551098019386342
808 1469 114678901492945906
51 1470 872903539475307602
553 1471 509386652042080046
1069 1472 770307205166260334
1146 1473 365270996909188783
37 1474 519313809796588179
1065 1475 906287023375633228
180 1476 39429863231456278
224 1477 193683828921663333
516 1478 130928141432525104
1284 1479 141154144123808997
1033 1480 781735039645314412
71 1481 885192947063590306
1259 1482 396943836441226402
1370 1483 988401710847494599
290 1484 406198702483248452
193 1485 732474768014345633
1458 1486 78054048237542449
40 1487 30887194840571392
682 1488 595229368250355682
559 1489 844656368919525354
70 1490 615268818352870280
938 1491 141475677672618107
1453 1492 13936295079025394
965 1493 374760080925489604
1259 1494 546484391780196696
192 1495 190587859192729230
868 1496 895697186918128460
1476 1497 234063070655613117
1236 1498 122258046511631638
604 1499 687371615475428847
8 1500 255015981466301290
1022 1501 546671145224181897
228 1502 406459573202825546
484 1503 142506487249475309
352 1504 282750753340972147
542 1505 11669265958723471
276 1506 413349863917821556
1190 1507 429279376354100080
376 1508 676722970260380266
380 1509 806686433377609258
1060 1510 84308470129580044
1410 1511 500174910360063698
1118 1512 65071025612960829
381 1513 911834681790017933
277 1514 222529013364520289
1237 1515 882714238812796904
646 1516 393339972372610802
943 1517 111775385115664170
205 1518 667601652841519520
1034 1519 933157576885807712
681 1520 674751210309807122
1266 1521 462336293019339595
985 1522 513159039882619947
644 1523 795425437246169541
223 1524 652555153541172554
182 1525 571882751358667210
47 1526 510190450233313122
1069 1527 276818583628782832
208 1528 87547830546019367
241 1529 410293461607792267
1305 1530 778322950222389364
106 1531 543274109696765572
827 1532 345965194780539169
108 1533 642681760769595622
934 1534 265764065489438243
606 1535 652519606757937279
833 1536 570327750253402293
1452 1537 479700026122541221
238 1538 207659327344775910
36 1539 278958239303920417
722 1540 296083626795270642
866 1541 573528681012531869
533 1542 369657004411583285
880 1543 972369659712495287
114 1544 871296508886308414
1079 1545 339551698661997747
287 1546 506970004134748389
1405 1547 597884163382925823
1331 1548 872873254306490284
997 1549 73153664880173007
248 1550 540218357184128061
40 1551 137176936333975870
66 1552 636848340809273610
1236 1553 623350900735621123
1264 1554 777759256421261937
1439 1555 121041915217685602
682 1556 52127794677214499
283 1557 978253749444159670
1213 1558 655100000563378018
507 1559 909391244414618299
987 1560 572806004873894469
1251 1561 804125584411058197
196 1562 714124604668106727
300 1563 335382653539390386
1116 1564 735074007979337008
852 1565 36524057447630518
1289 1566 480323531786671297
1061 1567 542476267055305675
575 1568 214724408656672823
856 1569 203963038228670615
53 1570 118716746336981476
1397 1571 729389977574455921
1178 1572 761869974208070158
808 1573 27048552674340606
1267 1574 776878189886676976
1333 1575 764263908212572367
1457 1576 619965581150093589
1201 1577 382371902931677565
1224 1578 277098770124612485
447 1579 339367506866391076
16 1580 563035389790941861
838 1581 78570514108942617
845 1582 83598049523029689
1545 1583 777871266290621995
428 1584 103493810395556153
70 1585 43615668572415996
1300 1586 596961731471327004
1197 1587 286082599209321657
361 1588 482063309938927007
1198 1589 931104926719254462
5 1590 469124700404668829
698 1591 987611613061895125
22 1592 252569112539678064
765 1593 240109767621739606
285 1594 648952852267756817
435 1595 439470435476250694
105 1596 98819747069397453
325 1597 4655981005211284
1503 1598 249035980713676445
335 1599 124449759454902340
775 1600 708695330948193840
1269 1601 723407702960417795
518 1602 28905668128147391
845 1603 313289245218273591
1319 1604 21763011932330369
603 1605 738705950539031627
1142 1606 419211647670555676
77 1607 709641852456267828
1302 1608 56229894132612166
1496 1609 219399889167305118
1041 1610 663616203939034020
741 1611 216389728598257937
225 1612 415351118235297133
372 1613 505057897976633102
1042 1614 290334873085840995
841 1615 299194133947348012
304 1616 494683135393278725
1541 1617 952157350455061869
692 1618 704911451132037885
1142 1619 128626380484068693
672 1620 393866436247683413
1527 1621 305551184837617599
284 1622 741861417957195280
440 1623 270267078825900247
33 1624 301001777092339305
369 1625 630472723826150339
1123 1626 937262367112453682
807 1627 91548906988969396
651 1628 443189353254576237
1529 1629 897666833437768241
97 1630 664590560787271071
74 1631 672126970264215395
722 1632 238489740497712744
209 1633 929660380151169817
616 1634 789976188422637592
472 1635 69553940165083086
420 1636 931574989588086582
1253 1637 329512091315601724
1442 1638 381856227043352904
1187 1639 804618042848349296
28 1640 766310829688062815
1418 1641 887701309256573039
1456 1642 267770766926429398
1238 1643 411967291443884261
1175 1644 265367794689529613
300 1645 869347929061374441
1485 1646 722627913109678790
1289 1647 818396434792177400
882 1648 699278238510097623
309 1649 861036251209401581
483 1650 493303824310915178
1360 1651 285972425493536085
1270 1652 324834985607319419
896 1653 695169980756593858
1574 1654 299232585147933078
1340 1655 728670915268962044
335 1656 471485221584834871
1092 1657 561267094074229303
309 1658 615813960794212687
1097 1659 529651857716307041
68 1660 987526328757179331
1559 1661 754267333441740148
313 1662 353235408797790682
28 1663 543751337595423721
245 1664 949399443168622173
47 1665 699783033546975618
667 1666 253083647803950117
394 1667 456880836557261320
255 1668 199206597204000836
1338 1669 995949684826921168
848 1670 443081695267537466
115 1671 964911192597321211
640 1672 83496442030698156
1518 1673 655780103458659368
992 1674 254108915114830557
1341 1675 137563149523354055
501 1676 808443237021235230
1443 1677 23793277267433051
745 1678 255077105058727490
330 1679 464680720153278333
326 1680 55492943485074634
553 1681 247155727799063968
892 1682 359683527397626402
76 1683 989534258691106867
243 1684 837518447615239405
251 1685 771996491545620266
396 1686 435347591627936815
1446 1687 540532483544985289
1643 1688 835111693364978862
1011 1689 401874096856617678
1474 1690 825729256638100335
759 1691 817512846614843018
857 1692 549018814872304740
11 1693 873516360643879875
493 1694 616327831055584055
1303 1695 532127460802792129
961 1696 488867230374554713
569 1697 530996629572092478
1533 1698 891449392635595700
1567 1699 408113665733276599
873 1700 456233243638741727
307 1701 8680998031343596
650 1702 175014283970208093
293 1703 624979137358709659
949 1704 489596067370431910
1039 1705 504091779809009264
476 1706 346112871999441455
1460 1707 680678057860444242
638 1708 794079470003285132
132 1709 395161300425893510
432 1710 578274462329858748
185 1711 590664471358498626
116 1712 303221378701211628
883 1713 654453160481741890
730 1714 195074624733484261
74 1715 186027267447384354
490 1716 537302060937600588
1535 1717 538458455262485379
378 1718 477569891274249059
1198 1719 766231936924683480
520 1720 356813284515053112
605 1721 453482708852795708
1590 1722 571556908736113582
1587 1723 981933992582137905
979 1724 690046080105157425
573 1725 377016921796826447
1524 1726 94220915201624820
1339 1727 982824344015604004
1153 1728 500913199889026230
778 1729 542953331436310369
1358 1730 86918982275392957
265 1731 741671369664720399
60 1732 928008072609606214
63 1733 530288402917589010
783 1734 860300600343107771
319 1735 379860193832729575
204 1736 995340455444554806
196 1737 442350696132503362
782 1738 468766719702871084
789 1739 494106096621975561
960 1740 866898072574016758
819 1741 852324036118847479
326 1742 428752337475014508
526 1743 645591137922428476
649 1744 948360055987543528
356 1745 642877753272934048
440 1746 719042949813296994
876 1747 786232193555403301
1318 1748 281403771390337980
1155 1749 147409332214389075
250 1750 56080828071689188
963 1751 95965655422564342
479 1752 40168365212382231
264 1753 582896731639599746
638 1754 492903755408817543
1093 1755 759947862688970576
1412 1756 892807168722240442
1050 1757 260558973706654071
1132 1758 798757303192834553
1140 1759 352546697258965279
1579 1760 580840473069052861
1415 1761 899452526974628546
1134 1762 553746235834151061
1011 1763 147476003247316192
717 1764 44495605833487049
1136 1765 912829478004930420
506 1766 663469175935886537
424 1767 277532373062983653
138 1768 684058744135810395
1201 1769 56269907723275293
1054 1770 431698800937208111
673 1771 197368550897191157
442 1772 844228834810274548
1465 1773 494375078869439760
1205 1774 865275435589219818
1137 1775 44642366924312058
1088 1776 400773725482114247
1387 1777 642911378404858982
1236 1778 514470549705140411
821 1779 321028404005152035
1616 1780 171702771220270566
4 1781 180385895411283640
951 1782 595323977350533801
1177 1783 263823752369228443
149 1784 702601670215571823
864 1785 23009868560328291
156 1786 576562571450756481
217 1787 947942578439133755
1327 1788 198849187980203865
1614 1789 625738389400699481
484 1790 86508581025170640
1350 1791 457684271691234420
272 1792 396344764826325227
68 1793 999115390791007813
1343 1794 178202927080537195
1718 1795 724305431294403050
1491 1796 569338115287720027
120 1797 262389510574192943
405 1798 225538105075670509
1630 1799 629665655190507659
1476 1800 941652026778188328
1161 1801 17797436948127034
1545 1802 983594268822339250
732 1803 754089544776152765
25 1804 314263843572606223
873 1805 4238660496995812
644 1806 704835190194286935
290 1807 704352500813559694
1462 1808 272751749163332523
485 1809 188648007598245158
837 1810 49158677135368070
27 1811 618406066273270799
476 1812 417480185840306011
38 1813 239445743501471605
1234 1814 385975035729947407
1449 1815 310574809306522517
46 1816 536993717810057663
1539 1817 384353599326106149
447 1818 860958266000406927
958 1819 890890402846295184
1102 1820 196960177891688724
1808 1821 521047824820188995
1252 1822 440447676685464295
372 1823 393315362905406360
955 1824 520117434091084619
128 1825 763397727293428218
9 1826 213584079538466410
1646 1827 188906860453645024
53 1828 234832533235343773
578 1829 705680032807782891
665 1830 799265293702123245
670 1831 528343403702314937
614 1832 468413765759526264
734 1833 566061672605048421
724 1834 783035130667549346
214 1835 621169015222087998
1756 1836 917865368798353963
426 1837 102134269034131584
1638 1838 180298050005061156
1753 1839 968117012231016219
1721 1840 487499848235000643
1308 1841 915324460464517348
1609 1842 660983411524107888
657 1843 877936895124614303
679 1844 84621056721350974
853 1845 87935017124760922
1279 1846 901690482534435954
523 1847 850137880278465595
639 1848 803159225931910312
711 1849 616562348343209092
612 1850 125332789532813119
1780 1851 384064097600957009
564 1852 840334477112108853
1427 1853 338959077802178121
752 1854 114922700737014960
1152 1855 970058078742281783
5 1856 937270684776201500
324 1857 899144132669622023
1757 1858 69311498368768027
479 1859 308715296923242016
284 1860 674250854000552410
1048 1861 257153626697711497
510 1862 936190836940295667
842 1863 50838190409308445
177 1864 285202671327244070
1059 1865 438712115922314831
858 1866 211789508084534214
1032 1867 409340372201903663
1571 1868 689990951712410305
434 1869 844586127058109514
1782 1870 388811326559080163
1763 1871 897163566386000347
353 1872 764154978313948999
451 1873 506905570727249818
858 1874 789519585791639
792 1875 106584121100843545
547 1876 206575540620978855
988 1877 377807593611372730
958 1878 941774055768271877
807 1879 619178149395325819
1307 1880 274424279953276295
176 1881 974032854662656113
639 1882 651924611273163372
764 1883 8111317204597975
1772 1884 232518492366943587
1572 1885 818629735529356886
1121 1886 209034487088269847
1608 1887 761700979832872747
105 1888 648980275089695106
246 1889 637764743190763561
1357 1890 400478568895201320
319 1891 106258788305155038
957 1892 511645135151532277
434 1893 336401162738269304
1658 1894 420385235421515831
825 1895 705949204157998721
1269 1896 711988706648283578
252 1897 125090153529320788
561 1898 645796268120693241
1844 1899 349871108252158150
1103 1900 111026362893342357
323 1901 812551477671486814
1640 1902 42538497640678089
192 1903 317178045068248929
1289 1904 329189035626970420
1832 1905 144069162646366953
200 1906 958198057390494283
606 1907 460871563424880832
789 1908 236699066068797348
1899 1909 818348498643300701
1393 1910 914213884581398654
634 1911 189640036472600072
1164 1912 215134660731394864
1566 1913 514247471307172382
659 1914 565106664080840077
1084 1915 682999206918445506
448 1916 618220900938715033
856 1917 456248138767829975
433 1918 422227554751795745
266 1919 900721715816666179
935 1920 877114861171280515
444 1921 930819433994202889
721 1922 157513453517896598
204 1923 957534492267397181
1152 1924 395265432521313908
920 1925 347173060825781169
1421 1926 872726040200836200
1002 1927 838192917833653249
957 1928 681541347868697529
614 1929 361996439590534479
656 1930 854634718923213177
102 1931 307229148672842925
1001 1932 648371635785458683
315 1933 903523183031212062
208 1934 360178239834355386
272 1935 295620191954637394
1785 1936 528219427315534632
661 1937 203311709353427390
1288 1938 794504776996848579
251 1939 128575966559943095
1093 1940 808000422487265664
862 1941 695646275252915164
984 1942 579733408704292641
753 1943 948960974377805837
1700 1944 589092134615934331
1685 1945 78849618182852508
39 1946 67812629085950342
1073 1947 81207439757185444
1050 1948 772282385800345370
482 1949 606347239601401520
1729 1950 229077114682456328
211 1951 926226520195020000
1229 1952 102767318113236399
387 1953 615495387224294116
1781 1954 519609458716067055
198 1955 655666198543797947
1554 1956 238574168244240281
1532 1957 383963555435385989
1365 1958 244740591812463396
251 1959 178841322559905331
1294 1960 125309470043275424
1500 1961 828374374281727989
637 1962 736971100175035186
187 1963 712347983496249871
1851 1964 143309784485833537
1500 1965 187336338820572416
20 1966 657729016113126939
1000 1967 293525095752874830
548 1968 919853064048235838
896 1969 186829247695275103
979 1970 709793126943909178
618 1971 450855734950026233
1402 1972 765883064832766723
1229 1973 704633129265959342
1462 1974 366631350029058703
1212 1975 136547203099588280
1475 1976 297519445186319176
946 1977 418083477730632887
121 1978 963504701745815995
1630 1979 161825442523089903
1965 1980 324431433276883736
365 1981 774388318825656427
625 1982 234099085160187984
490 1983 30751650331674599
332 1984 498470722690160218
521 1985 962593079663804254
507 1986 737280320768580626
1369 1987 372054546710304510
1314 1988 784129147367136049
712 1989 413591692559669976
584 1990 522599366553430851
1892 1991 245628133875506275
107 1992 836696372038327398
511 1993 805285523524506482
1761 1994 419613516701896742
441 1995 840393833093438006
932 1996 282280449595045319
847 1997 748801702248412600
1365 1998 715815389849436581
17 1999 876752116438869432
860 2000 739446070460748134
376 2001 72040919964199445
826 2002 670927169241510758
655 2003 266486422790391518
1956 2004 166786071309197478
1568 2005 841096429773903486
1660 2006 437482165201121248
1689 2007 507396962048908789
592 2008 959048645973095857
578 2009 313308371516519708
430 2010 703174040198961903
234 2011 670045456345735015
832 2012 176912577445999093
469 2013 242855219375478406
1984 2014 945154778775585999
1123 2015 481913234436995084
1979 2016 646251191108386416
219 2017 874411248280536887
866 2018 731079579671754396
515 2019 224071635777943961
1792 2020 736233157082756041
1083 2021 129226135862364197
1558 2022 80357609373598924
503 2023 96978648097459778
51 2024 749530938131087355
1912 2025 192941121930781354
1586 2026 112664110668898856
249 2027 778610564513556068
1668 2028 797172910342994425
1382 2029 796518713023916279
966 2030 870735459719789535
753 2031 51734002896002609
1241 2032 716785124102777272
356 2033 474248250030759911
1861 2034 256925744163403830
171 2035 218460357831427256
424 2036 480330737755001163
1988 2037 45376271265781690
1741 2038 542869825562151649
1613 2039 827067056437136891
15 2040 393310492449236096
1917 2041 661492449991890845
1933 2042 766476747614762645
310 2043 843722113849209809
1417 2044 466254939827959574
451 2045 792134707171797367
1578 2046 329674346209948615
470 2047 782780104030022752
603 2048 35593608796800150
139 2049 298201363020646318
529 2050 62384655937214499
144 2051 311754952960712338
568 2052 622910857226427924
1566 2053 766823063241261202
1195 2054 341431181969601748
1178 2055 615476141982342675
612 2056 266949361752963782
96 2057 640131643806059332
1857 2058 901631333259884591
941 2059 843249875831682725
748 2060 651798284830185635
1999 2061 414042621756890479
1586 2062 24822463802530666
1659 2063 193943292818476739
746 2064 675071643444725397
1010 2065 88664998485338446
908 2066 676689899253707397
102 2067 618375395074369662
1774 2068 707883588577211397
1120 2069 99345049274732053
128 2070 395931962976920564
1373 2071 841209278916411719
1609 2072 821032527301062876
1288 2073 436944727246082989
961 2074 304390689273559465
1218 2075 136739849628959422
1338 2076 359133742388057721
2018 2077 549644664666265943
780 2078 668608549113601210
1795 2079 474399533874460944
1648 2080 842776409831339143
1065 2081 704141410563901087
413 2082 230611428489786797
362 2083 949219175152386648
1838 2084 806369389773448873
1215 2085 311618936177638208
816 2086 40480482668548819
531 2087 448193972842030519
63 2088 724365185433066639
1663 2089 227924510189699473
1513 2090 209097318765673238
925 2091 776108478167722572
1810 2092 820766966160325090
765 2093 670839547509952528
35 2094 376105740485633928
744 2095 345234945880801060
1216 2096 342878921818483235
13 2097 648558022141345634
431 2098 904670363176666912
1377 2099 201381305959797904
494 2100 22370740921172085
1603 2101 578645051857227851
238 2102 497806236414069764
720 2103 603776535398666589
697 2104 972935111748467540
281 2105 611242440023815425
1180 2106 253819796801317007
207 2107 660379381567932187
1752 2108 911921530883720199
1367 2109 997466434906036229
452 2110 184738684136910890
193 2111 297198284714619589
1812 2112 353454590919435827
1885 2113 273480554197062587
1411 2114 290282354711092095
1738 2115 521101371116012224
162 2116 235233334891656427
1064 2117 992592230762965191
1129 2118 67534874642005076
2056 2119 175251955712337052
1197 2120 509136145762321647
978 2121 243116968207777712
351 2122 57707688825138558
1576 2123 310782620648371063
800 2124 345833549823009500
1317 2125 955122828250485350
1038 2126 36296187376463705
1267 2127 872896844739610134
522 2128 411200845131617227
1146 2129 983468544218701489
1844 2130 839375441152323383
822 2131 906445600442555662
954 2132 411124072383035812
1197 2133 154216499289882313
1060 2134 58369980868021752
78 2135 229802651460486901
552 2136 501480224161697781
1543 2137 876078089367140550
128 2138 645795284940545098
2016 2139 656326064279133799
39 2140 590801540318784945
1603 2141 589443963865587828
271 2142 144736248074592872
2100 2143 611498188024918267
445 2144 767052701864707735
1374 2145 428456645484199578
1280 2146 885496629788031973
1325 2147 883484383054855416
2131 2148 471308147786704429
496 2149 686372574079780322
1864 2150 272580555859616912
1541 2151 103891545203582981
2121 2152 7608542439016248
490 2153 377805653182156562
2038 2154 819112358570122982
1210 2155 911253352732279237
441 2156 462132352019241402
1172 2157 578815729286002413
1885 2158 365252298028102579
944 2159 825995826272265610
504 2160 672467686195837722
252 2161 737241922021964345
1932 2162 22429455957988954
1951 2163 657168906547081158
1547 2164 772402172579338627
1871 2165 301505525131161366
534 2166 108105049659143722
1717 2167 165329325451429915
866 2168 436333946877013330
1376 2169 533740514694796988
811 2170 163552537871212595
828 2171 713058234758692880
177 2172 57260803512163525
377 2173 502643435978766710
1841 2174 309132133089448566
2099 2175 68976440060097809
60 2176 403062523529803776
375 2177 257976804997416512
1368 2178 536524663311918837
48 2179 368343016025635670
711 2180 321897174361520070
311 2181 25720734141404514
235 2182 205067240774410480
354 2183 653804244253855887
1265 2184 162052587507033187
1280 2185 364665764913987617
1830 2186 745356712161554525
860 2187 152396686307942605
1248 2188 188971015462902672
402 2189 221147688368220887
1081 2190 966641908542413042
795 2191 601767241841903272
1502 2192 996944197770800348
1793 2193 314946622514063469
1515 2194 101841719547278012
1760 2195 434643218544154210
1437 2196 172495870634008030
1021 2197 1644353720148770
897 2198 446305652944422720
392 2199 517061086007381862
312 2200 686435001309794915
127 2201 183396092098852243
1663 2202 176997961495361402
1291 2203 637785377624913123
714 2204 184267635800487357
2004 2205 238361766737117288
1420 2206 310385062717530427
1158 2207 61092774548924852
896 2208 848184252016405118
1065 2209 47312592817022547
575 2210 912738627892488490
2177 2211 436118341135078420
1625 2212 445085623177434099
1769 2213 90604674410181670
930 2214 750205063336683712
1558 2215 784136866101222300
1821 2216 901797149333947727
2128 2217 593786584278115970
1454 2218 768300227196275621
2021 2219 441255873207914719
1171 2220 122162941613429071
65 2221 701440497055975562
179 2222 593786872640600851
1418 2223 306614319614366499
1719 2224 237147121504476881
1836 2225 262944959019417648
862 2226 536214272161353054
1939 2227 392635994414193076
1193 2228 766895869467396227
1853 2229 292197515658117692
1674 2230 592447757091579388
522 2231 602784793871955621
1414 2232 817065881647456121
1164 2233 439703500906435063
1930 2234 841779911541220262
2111 2235 722131870835253309
589 2236 249081620897239594
162 2237 121778264172320393
676 2238 734162848517240380
535 2239 594868175724827239
1369 2240 378149867480897211
1045 2241 264519497714319086
1523 2242 623660086701659062
1785 2243 884545894641502518
1043 2244 96792210818351787
1207 2245 523979288516263945
880 2246 618153882109800548
1457 2247 55100817594221173
1890 2248 221311846553443804
864 2249 979496298229628436
9 2250 422268510537674294
1762 2251 678827977744273135
945 2252 376973581892275465
1714 2253 744223597790684025
1550 2254 22476385247590017
158 2255 247094149413265078
1053 2256 102239810137717272
1712 2257 845514502830895963
1929 2258 395519815074256561
245 2259 911027517417182826
125 2260 25098600953567318
945 2261 384760331297031292
279 2262 26922717430467202
1063 2263 285073170332560105
226 2264 427001351138059753
623 2265 424512095344947320
634 2266 83153498060864448
1483 2267 478815039394933967
472 2268 151942247228640227
924 2269 152262050460001816
205 2270 333875388256975384
2057 2271 318166544407020947
1043 2272 740630740625805873
58 2273 468428495732633902
1106 2274 99593323499548792
1915 2275 242084247587525101
602 2276 30044530827185149
346 2277 471833207322702444
787 2278 843120313670391264
1965 2279 641635792704646314
1377 2280 781093737145974432
61 2281 222305276865253502
77 2282 327350807601646315
1486 2283 546325943665408091
1053 2284 544245753650464497
431 2285 739854567519743334
1034 2286 436521296053572761
1341 2287 113631224140367265
1236 2288 300250536147079965
435 2289 211829026478862987
16 2290 540693790463384626
1886 2291 474448635985499723
320 2292 299814228704785537
894 2293 293168163920389572
2259 2294 840007522308455095
314 2295 770604813028633963
1135 2296 650433605288454724
415 2297 396405548726983522
1857 2298 862113176271494153
1625 2299 85375719807588443
1776 2300 844892752506451463
2176 2301 701637405760089210
679 2302 944316617832106935
570 2303 808767839521793066
997 2304 630111098777323985
599 2305 682872907563797787
547 2306 588062744429186818
1899 2307 184005032040825735
143 2308 665824258822237949
396 2309 257516120840404389
673 2310 575668991503486611
1710 2311 248104474747473964
1110 2312 7162455699683933
1473 2313 298916961672364347
389 2314 494071645996908645
409 2315 673129831910711201
718 2316 876554130767435503
1921 2317 533713440979398019
2045 2318 399723605525300235
1029 2319 320823085475264412
1461 2320 527436446004142568
1073 2321 311452461241460590
1329 2322 96635088547699208
1217 2323 939810702369485081
1571 2324 247129799123199086
1902 2325 885669591272029671
1962 2326 390335017441346663
1631 2327 200411205581973581
540 2328 115702092428782136
1292 2329 663752967186349446
2027 2330 88320863967550785
2184 2331 679319056366192354
2301 2332 769175005482807455
1398 2333 811790010968207657
1118 2334 940830593240435623
696 2335 86298553646267637
853 2336 697875391654750015
2250 2337 54757989802708951
809 2338 376950111920171562
343 2339 355576879716765342
756 2340 170498160804978779
973 2341 513288516095089674
90 2342 487831334155160388
485 2343 932201970285257396
1857 2344 559872921901284908
1521 2345 314857732388068790
409 2346 614707967090078288
910 2347 639841127824503637
864 2348 279272514537349976
2269 2349 37708860958784626
2051 2350 902723783727455252
2081 2351 818181939920680502
1898 2352 539487544332041455
156 2353 708603145481370895
2074 2354 507423168551589550
157 2355 86165056439175592
1311 2356 470139897281848204
1862 2357 240079012233477041
417 2358 688268406388905044
901 2359 594902851874875497
1665 2360 124238931395916132
1549 2361 446519879870484793
212 2362 403213853689459407
698 2363 424994785045247582
700 2364 863623614103508078
513 2365 820582501722919911
638 2366 958922246305513001
1544 2367 484650862248676293
479 2368 460454307802826553
2268 2369 468885761810045931
580 2370 12810922481428142
20 2371 443274214936070343
877 2372 38488702219465394
591 2373 427690210133215106
212 2374 148543734563411058
1800 2375 58253580919025526
218 2376 232188423802077519
2074 2377 564570599389133160
151 2378 46802730810652984
1438 2379 163434898252216929
1894 2380 398679231420057726
781 2381 104127003113655280
675 2382 625333235538913480
2063 2383 728919054230765500
527 2384 166814187209251940
361 2385 858730464279422267
1196 2386 433589362641290176
42 2387 963630542591398886
449 2388 405711785482370095
890 2389 205371341397251861
1440 2390 636142076413667463
629 2391 936865720274734533
1538 2392 555019664983296777
1167 2393 492758460303674128
895 2394 596745957071352137
88 2395 289844073525825005
1753 2396 918716211156257443
838 2397 426746540332502258
1150 2398 120830018252670675
1210 2399 739675026996569052
828 2400 271404068272705404
1504 2401 699623398786628211
604 2402 831449731000489457
2061 2403 985668905237589861
439 2404 845505330269213733
2109 2405 269305973342999794
967 2406 161431738683123818
2031 2407 763118228154869145
131 2408 448184617018536214
1952 2409 329405623289636832
1366 2410 713843080281523922
1182 2411 752124305381094048
1382 2412 28700633835347498
743 2413 361008419623172037
900 2414 219509754784783654
1085 2415 232985135009196009
1091 2416 652375244017210311
796 2417 340586044190457401
1122 2418 388880258391178910
1889 2419 335043666680886695
289 2420 420832126031036729
891 2421 318095895018753797
2012 2422 265680914954662354
162 2423 728099653927962123
259 2424 238552327292005812
727 2425 541459127767074778
1963 2426 603914828233679486
1429 2427 512597784929096209
509 2428 252491580575504500
88 2429 519081733598769396
399 2430 787744604093978734
1853 2431 143981042433043869
808 2432 641654038636452338
1269 2433 161937653408559354
79 2434 183137734702089807
327 2435 881337200718101924
1413 2436 39580008955014090
1550 2437 495215512860025661
335 2438 664697172032826458
1794 2439 669441161101522997
2424 2440 683374859398260138
976 2441 966761274245856773
50 2442 916185358818918897
698 2443 875087944529471467
1437 2444 888293686636020797
347 2445 412276940352770930
963 2446 549729130349268019
1646 2447 343880144348807630
1583 2448 395504623945127805
1491 2449 786569152559678733
2235 2450 352415859913725272
1151 2451 205534128852738361
217 2452 751960397856837169
1792 2453 321135408986738570
2303 2454 511259227518061554
1034 2455 679824683446312043
1455 2456 113510287654746797
1316 2457 600898389400124617
2066 2458 350163396636706959
1437 2459 685907583102603227
1002 2460 65688159126442913
466 2461 952436079835391453
226 2462 724586722375711249
800 2463 593396450370059898
2346 2464 746474656712237093
869 2465 563779217482707028
91 2466 753718085996267155
996 2467 219911885539732279
2137 2468 569283820506590655
355 2469 403552500245539959
305 2470 128622655382857740
858 2471 239853139043583550
2348 2472 599915316120214191
1834 2473 842917246930630331
675 2474 369277463248798385
1222 2475 528104174545723295
1833 2476 586603764493906154
372 2477 38202128306457308
1022 2478 815917569905809011
165 2479 702905119670410544
430 2480 384031256523144287
1994 2481 337776902061215203
2045 2482 30778937798350717
1885 2483 198718434766762659
21 2484 260037895694601315
1139 2485 311119955690430843
2445 2486 47143661429132497
1956 2487 708869520816678360
2140 2488 951343555560318208
315 2489 364336572302361320
1998 2490 437736124185445691
1604 2491 562052052275605821
1303 2492 743310191852908735
555 2493 363080105710571438
139 2494 352443990200562915
56 2495 923097733862941779
567 2496 381725764002962233
1102 2497 23227709503584416
2375 2498 618946496396349719
1335 2499 791510219326030986
828 2500 438331005714477538
2443 2501 583466212469301132
70 2502 691642713506908984
413 2503 598095635440269007
409 2504 488334726394529534
1617 2505 769628896204199999
2400 2506 383342136212689183
1173 2507 750253685856722673
779 2508 602299506618724127
1906 2509 197039580798811316
800 2510 768428061917990282
93 2511 217993338792434982
214 2512 646438689741672579
88 2513 790734089802338169
2111 2514 41681607162131721
2039 2515 98484895024376832
1127 2516 164092106260105701
763 2517 830383337921499995
251 2518 335704708188363674
1478 2519 778655717183257727
1672 2520 396678584085281349
1216 2521 602710905903201856
1577 2522 477345940489530152
1962 2523 881895585558051510
1939 2524 689015714793141624
2425 2525 179695647967469573
1321 2526 808605157383998068
86 2527 378461627514391943
1436 2528 428384925645521329
1563 2529 527814755474604063
1105 2530 727794022235864185
389 2531 488705376560446397
2054 2532 529389092753496923
1953 2533 17814795145833211
303 2534 810885956988768651
1456 2535 570636978194735543
1820 2536 814043217645557519
398 2537 799156041190767153
1544 2538 642163453156660011
46 2539 481726843895799247
1103 2540 308726553357339774
343 2541 809215759310997925
2127 2542 547320175125862971
188 2543 626791831743470228
2314 2544 501004935171527427
137 2545 230765651147185496
1207 2546 377607943185882322
61 2547 520212971533883695
2332 2548 224776317736609520
599 2549 602491300179091950
1323 2550 608923242040875944
868 2551 905991228624599929
1098 2552 935891772058935523
1150 2553 930823066810741736
424 2554 93330079684529607
35 2555 60147203135961713
1876 2556 366151219459896689
118 2557 269940319338914769
1154 2558 285204008544361294
540 2559 447859337614001721
212 2560 875209033453815962
1811 2561 648239812635166746
1866 2562 465705340341297155
2321 2563 261879306518509397
2253 2564 847404135296661844
1018 2565 638477911064404187
1192 2566 462274653622141171
1538 2567 807657354830037193
2406 2568 963811768291639487
97 2569 334999127590971221
436 2570 786511714250597894
1237 2571 117934923277332969
1050 2572 332697812047365013
1136 2573 381568775492692937
1939 2574 895217026890739753
1507 2575 775270327941018302
610 2576 796137537701915207
1108 2577 721506243152808792
3 2578 329739840908855704
151 2579 774670942739246670
1082 2580 632999266248704339
231 2581 482908275690569563
903 2582 892724614446411174
407 2583 833295528598002234
683 2584 748295113034897045
2246 2585 300194904381210514
1034 2586 268035800851255896
500 2587 761030771940781780
2369 2588 472279961892174243
586 2589 392989135619712205
846 2590 694031404373826654
2564 2591 903231541566553586
1506 2592 828852180311006648
1612 2593 754118035562947461
1329 2594 473819632064214772
881 2595 324331284021084947
598 2596 805415794296863938
2112 2597 46448134773642638
1761 2598 298848237269429508
1888 2599 76349566702837099
2221 2600 265632420859989608
1379 2601 107356072186756631
1023 2602 655075654778704525
2030 2603 78252301619508067
2240 2604 310086971541739911
1808 2605 76910885746620017
1614 2606 921460329367020812
778 2607 55546997447685385
1189 2608 286688396918720241
2515 2609 877745194870817319
2278 2610 916809724250330435
1040 2611 322401659997737596
2291 2612 493156239901733971
2310 2613 799910031524471107
2053 2614 408985630953233301
293 2615 154872779268491359
1890 2616 406563900325103331
2140 2617 507007919768443722
1201 2618 457702113752240366
1679 2619 55886578071334436
791 2620 438195060212082532
656 2621 506525436419733421
562 2622 599338501912578750
403 2623 193653809445747311
1206 2624 583733983501016389
1325 2625 731665527437429229
1410 2626 223468705782767496
1708 2627 771793378468065952
616 2628 496800808512059819
1985 2629 561008127563090902
1745 2630 288812795132752065
1031 2631 298168387802692934
468 2632 569167491741827506
1720 2633 858864711402460954
801 2634 565944070971176184
962 2635 589394415017272325
622 2636 483671581887269423
1510 2637 357302041265728258
257 2638 747411221099175269
1377 2639 329055932520266393
1734 2640 885066546684052521
1639 2641 759740296936720020
1259 2642 602686711141685396
1271 2643 945824034231811296
637 2644 671800990042652104
2064 2645 429314551825848021
176 2646 842960972581683722
1180 2647 115084636027764858
2410 2648 302521206746649487
91 2649 417791925217122708
1575 2650 766738647845143455
1450 2651 238031583111442863
1341 2652 821183384347316251
2631 2653 403998021407330668
1387 2654 504731911187743992
451 2655 657794666890680525
550 2656 562216964774312677
72 2657 177551337643755533
971 2658 616596616620803648
33 2659 853011282126472763
1304 2660 831637259152336757
83 2661 525196819109939695
1317 2662 192457643034929709
458 2663 136929129138170458
313 2664 435060798501666911
1156 2665 579102939864541365
1150 2666 493749339075712794
2089 2667 356364917181888121
1686 2668 932047618901779430
1173 2669 888062104272989886
513 2670 592082692036806611
954 2671 856568449103708874
2190 2672 786843690545327938
2597 2673 541337187452883071
1542 2674 746890258453294180
2600 2675 776144690907101967
1848 2676 242797311415030100
1032 2677 206831250592100709
283 2678 262352692453728619
2095 2679 233591734869133783
1975 2680 965922966206493240
1203 2681 925044506298866519
750 2682 19378818613071393
701 2683 751938106708004675
2209 2684 724361015718142928
1719 2685 966545073064575821
1036 2686 387820482429763343
2138 2687 968777384761980633
2339 2688 800127437690335644
154 2689 864150703097309988
317 2690 832249798126019544
1148 2691 663607773549293838
164 2692 986004862486383878
1537 2693 76778174267427225
792 2694 840606782586472741
1790 2695 969312242870785086
1404 2696 485178733505217545
1730 2697 8306146657466527
1637 2698 299791639121193042
370 2699 685596270914011504
1997 2700 730348153200641551
1520 2701 378986966422698039
868 2702 786679168788747483
559 2703 290705329201043769
39 2704 80614941519215186
1554 2705 235603696943095295
2617 2706 38294106356329357
354 2707 237849131127058629
2232 2708 664856414363798778
2521 2709 497280605705203014
1209 2710 829294943851403022
2550 2711 796211483378862018
1002 2712 905260124033916117
1795 2713 861047797228027509
904 2714 597487721064784784
1025 2715 801484742311716969
2627 2716 674375590081105624
1993 2717 173764710060841826
2551 2718 750966491427042044
1658 2719 353510051142174338
1680 2720 272207257724474187
2115 2721 764170821251528218
499 2722 230314419890993061
1206 2723 50245322787061461
2558 2724 230388976410430229
2664 2725 827341529306366525
1869 2726 570207001937315553
2464 2727 863203159895391601
1870 2728 325053359659664504
2028 2729 862069071151609137
2571 2730 992341680708606809
1 2731 774218247578805700
494 2732 735111469502960066
1570 2733 971635775656697688
695 2734 777952100651233720
558 2735 424929786698038207
1599 2736 352774097340799236
2526 2737 617767721966701016
79 2738 366952670718588842
719 2739 425874733502866997
1755 2740 408911608641242073
2140 2741 595259812836772927
2036 2742 231679075598753441
1115 2743 782389244905819064
867 2744 718689884514366609
2141 2745 502503503454710265
925 2746 357369719633102276
2678 2747 827545354318338261
831 2748 617471528616754078
1537 2749 904988477612456459
1320 2750 903302518802096553
2447 2751 687362467625520749
1040 2752 998789753093489643
191 2753 280305117048318344
619 2754 51248377932585288
2314 2755 625160805263670110
2653 2756 83937182107634149
1238 2757 973225896620950654
1141 2758 37088012133610570
2757 2759 285883785479431767
2734 2760 553045856118136771
327 2761 270097992128443618
623 2762 989735773458739400
881 2763 337203693835041215
159 2764 515161427174777531
1143 2765 627227027388767295
2078 2766 157831898640812272
2530 2767 104699742732292498
732 2768 69586382654458327
2365 2769 642136763891915237
1985 2770 692579566575654006
2627 2771 947313011049250651
1036 2772 288171168407708969
377 2773 176352398573268398
226 2774 804472327715028435
1037 2775 359022958004338164
1816 2776 915096714618413785
533 2777 932946456261329955
1382 2778 382421998033252278
2139 2779 499577415507792803
2457 2780 940034877358701422
2091 2781 243182681351493022
2574 2782 921090004856408365
2406 2783 532627102744513140
1628 2784 444782339976673964
2743 2785 239150911226902238
2264 2786 749087771958982473
2038 2787 880240390797611640
1906 2788 966057459630739331
354 2789 250935492437897215
1709 2790 513278422413863701
1812 2791 708508529779775761
2610 2792 807158117274360044
443 2793 684779383163050063
58 2794 360156863781564878
1514 2795 234895149773639125
878 2796 241848800949516988
2547 2797 242837426319846008
208 2798 104187562737857239
1217 2799 715629887397633509
428 2800 771455119795539880
2430 2801 597014175024463624
2183 2802 983281326162917066
1947 2803 614062347891932750
360 2804 947075285942886303
2211 2805 650159226379792468
332 2806 510824770313785649
1209 2807 593633103174368676
180 2808 616507203608755361
2171 2809 334950393543495610
1772 2810 933561466104332651
914 2811 421253000343732308
364 2812 487135696065241730
1396 2813 126742777886568631
1687 2814 633338784551594479
529 2815 110810875224022779
255 2816 697431477111841685
66 2817 300838742435962292
1587 2818 333856074520463502
1077 2819 282142769973772003
2681 2820 346509701724711915
279 2821 131245689999007381
328 2822 382711981639724273
1003 2823 415290050811033853
2546 2824 467031688837548048
266 2825 200707528183285674
52 2826 718203448845833539
1002 2827 288563175376311372
2604 2828 834489447348558803
1112 2829 790085289748464467
929 2830 331077350609629311
1372 2831 254692319023726257
75 2832 95597831342575429
563 2833 556260672432508337
1814 2834 639077269973648773
1451 2835 528211816080057389
1109 2836 611584068027833718
913 2837 324153722033511920
1503 2838 318722217838574833
1352 2839 843559605588798970
2654 2840 343760088411918154
2384 2841 801840166219798473
346 2842 18116439574136186
378 2843 391991345144911274
2472 2844 793167876998245992
941 2845 372887799714145146
205 2846 451574565126058999
1375 2847 910980720569221046
2048 2848 749048525706780654
1295 2849 810567149874993226
712 2850 932264583068853079
2078 2851 579729143376844472
2746 2852 320416302319094457
1317 2853 540974868666205422
650 2854 413437713768782719
708 2855 412761691907476679
1723 2856 139415664711693898
2404 2857 245642557169465322
1965 2858 748034646348014780
1564 2859 833901784689395251
1424 2860 900296626138474638
2823 2861 669108548822286462
2484 2862 627273192143138368
1442 2863 990416067685662101
1866 2864 364712512475020311
1612 2865 140585098134927369
2060 2866 162908264990321936
587 2867 613265366976224630
2272 2868 945422065822885828
1467 2869 413425354216685200
360 2870 44811310962648075
1049 2871 957855894499417506
924 2872 798268400878168714
1095 2873 495342218778392577
1807 2874 331029107375993773
1658 2875 419696706934134129
1898 2876 123146904640828453
647 2877 529134186913066758
2360 2878 876023427823198510
2219 2879 1269111332426681
558 2880 918780763134468877
1378 2881 514872419203785892
2795 2882 613800200549956780
1863 2883 428048300018691206
596 2884 774963202610080493
2359 2885 248871480150177368
1345 2886 982540683816319337
2641 2887 719311905513056601
2885 2888 339040350741085693
1427 2889 326653565118471343
158 2890 969850194087765612
87 2891 85866033949002668
135 2892 825163566273920220
1940 2893 437658141331440422
108 2894 914776610256800737
495 2895 247953230479511540
2271 2896 822531386515643341
2830 2897 476510940053358954
1151 2898 37296890135612951
592 2899 263538642565296692
1831 2900 971852753974310960
433 2901 233322550281844547
2127 2902 890598508645573486
2578 2903 367953105739596545
511 2904 277036657352825015
598 2905 708428932171971436
283 2906 515019766372587082
322 2907 347394960126583044
1164 2908 84616440689740910
850 2909 948864430473046644
2790 2910 532516056974841037
1469 2911 721572653773834972
2573 2912 662552592848238332
1257 2913 506529171756802893
2213 2914 851218033684546279
1157 2915 338564685385885908
2135 2916 273192014170424295
637 2917 993733100003537599
2288 2918 742330534947864017
747 2919 451610036595398248
2915 2920 729599569881545618
1735 2921 448095917422567417
2533 2922 482797882646549240
2918 2923 983666925429866263
1977 2924 816499988441286466
1116 2925 562444032043024959
2409 2926 480825579521121229
2279 2927 619108634465084288
2452 2928 589689674002053144
637 2929 813586966454243937
2296 2930 829216974572720050
2227 2931 548160083367453434
2735 2932 401865378059085606
1730 2933 309854582176360126
287 2934 256572763577286991
2159 2935 873538298461244074
819 2936 702078292374803276
758 2937 346189983125887686
1822 2938 165982374341506089
1406 2939 586569051781481180
2333 2940 359956913728615625
2146 2941 669358185305410532
212 2942 461952264582563032
4 2943 896585028550713779
328 2944 714161209447738635
1106 2945 157977074845546922
1558 2946 544394108351141587
558 2947 272883051400619483
1339 2948 418442024719816413
2388 2949 759110605462858510
1222 2950 352179035565292296
601 2951 220246901199766366
263 2952 476633641284549531
2163 2953 277643414533396280
1806 2954 744267776198409025
2878 2955 19024606384468716
1552 2956 578312079677579963
1513 2957 210879313433566297
1494 2958 297722652372623013
2004 2959 213498172119993652
2638 2960 459078181067057813
1824 2961 576838558551785880
999 2962 378548445682226198
926 2963 865822524401188270
1814 2964 103733535073151086
2891 2965 80586755714525674
704 2966 779366687385725933
1205 2967 994667301348201173
689 2968 347174175281691175
2583 2969 325362436824395432
894 2970 988077350648932363
1803 2971 41261437886761741
1095 2972 397947657916189441
2779 2973 513714905964686489
1995 2974 316917220821089641
160 2975 166654900939401355
1949 2976 881092600273951881
1785 2977 556355206628448744
1221 2978 635375070212711109
2072 2979 721806019053598682
2947 2980 722643126873584542
1618 2981 894873007811670753
2059 2982 308479491962923867
1345 2983 632655055935984679
2003 2984 705160734251247042
2322 2985 351985816406171027
2158 2986 279815731217564006
814 2987 528052632248907733
2636 2988 504814254593655029
1764 2989 433091846142189121
687 2990 925826601702509105
825 1955 859088896803650956
2284 2639 909724734001637055
888 1884 883259460216966820
709 719 204562007827463813
1350 1477 123740897116040185
2595 2552 541644228627506413
2340 207 545042280917376970
990 2590 336147183858754372
1194 1336 214271912120299106
1471 751 847077187418248312
2092 1213 24488857519122757
