768044393 868408236 144
1 3
511567232 481148330
9 6
678235285 82564708
576835717 828682457
399533242 786077262
505316417 481032104
747614970 258210953
673851220 653381930
285144 483934517
629913135 602933216
344990812 348764805
241047302 379385790
631435229 277840184
495073516 495998946
276994490 830818970
9469896 314704838
173839526 381553069
472829407 449078730
430501978 587650090
503968545 541523245
81499991 436382405
537690704 321801883
441856242 671456884
476978915 737084827
110910261 549180730
281366655 325378001
161119025 597047394
601808398 238121510
578281146 787011565
342306200 501244240
698676559 84202320
379173499 388915148
650429815 857226644
24589032 541688754
246755748 534961165
117288890 608906683
65214277 597352044
131595909 798060557
223784520 76783440
400686871 732407795
148161198 227126434
505929411 391333194
487998987 488071523
355845899 156403531
731712811 561349006
120815000 65879485
134373738 266531870
216896130 821770323
580753533 396497973
317146745 540903580
420000767 242935035
671139404 245166327
381710816 854195051
757826061 689977489
175822885 692476596
136452041 308386050
290630359 49052049
462015639 710430469
152259098 707640483
283337177 46655130
304520508 840178059
742846903 312676161
148745225 576310728
377502107 216167571
659986549 638483932
760702363 143906148
321594901 162705914
57922223 209071020
169486189 487399514
176631204 703118675
706616243 552572493
253760952 563211809
240349684 454755447
562813395 299823990
507007012 37554218
513281492 853856779
93901967 107911758
261796446 42439006
59983829 856116303
292055703 373398064
104816466 124023570
575013114 219726285
39055959 631580829
744995891 446047843
268320161 559093909
487723635 128058574
674968442 473185222
642800733 168882024
551273470 342443526
176514360 482744236
757540302 452848572
69295870 348143545
17639082 521836235
145499476 93690100
567463425 370786749
61659724 836837234
556535125 567732125
237329989 309250115
350449358 480057568
735937352 730173233
409938160 430063165
297914280 567200716
724072457 376899049
169843277 375159034
328573411 853991394
666634439 119916971
394621766 513482454
41813274 852987659
261050762 9708989
15943727 427588129
221136835 169441976
738972316 618386297
311434192 694614692
444663248 245396640
112420224 726020353
264356987 372672421
327427381 537833912
303966213 851603825
380918919 867595490
261889274 190394201
595563621 715959558
263275432 544629183
667676071 627761534
308001721 708924565
74210102 852441573
200573431 139151577
238293147 216520365
534397060 579691917
577872923 407210131
589637006 838366613
614069483 714811246
726299596 521940639
523175869 401329822
486035632 134155097
225471310 841174637
376293610 411352112
379311262 833018174
121536981 807133098
452028053 327102366
653170513 533532563
75173706 202139181
521669476 24896910
134688083 122819487
