1000
1 2 2165
1 3 5734
2 4 4439
2 5 2625
3 6 4984
5 7 307
7 8 3849
7 9 7406
9 10 8479
7 11 4765
11 12 8807
1 13 454
1 14 8409
5 15 2634
10 16 9856
11 17 4384
12 18 6361
11 19 2545
4 20 4473
15 21 693
5 22 1172
1 23 3821
8 24 6076
13 25 9938
19 26 4455
22 27 7231
6 28 516
8 29 9226
6 30 5743
6 31 5993
20 32 1587
6 33 3346
28 34 2367
6 35 1955
33 36 2940
32 37 9380
23 38 8334
38 39 4793
27 40 9017
40 41 1565
4 42 8998
31 43 843
28 44 2389
6 45 4094
33 46 453
44 47 8796
8 48 8419
20 49 1406
11 50 7936
21 51 1188
13 52 3558
13 53 1943
17 54 7243
31 55 9982
23 56 4359
33 57 5557
14 58 3027
15 59 5627
53 60 9506
23 61 3770
28 62 2868
25 63 4221
61 64 9785
11 65 6445
57 66 8227
2 67 1996
49 68 5535
26 69 2550
15 70 3318
45 71 8981
2 72 4814
48 73 8868
35 74 3174
47 75 6133
31 76 739
21 77 8951
37 78 724
59 79 8274
64 80 8908
19 81 22
67 82 5809
23 83 7267
24 84 4641
70 85 2889
58 86 3845
32 87 1444
19 88 1352
53 89 432
77 90 7945
47 91 8051
44 92 5983
14 93 1243
62 94 1932
81 95 9797
35 96 7270
22 97 8448
13 98 5122
75 99 2722
14 100 4897
83 101 8329
6 102 9056
10 103 5396
15 104 1499
79 105 5635
54 106 482
55 107 7132
17 108 6158
96 109 2544
40 110 3509
67 111 3229
53 112 140
10 113 6181
101 114 8013
81 115 4143
73 116 1354
107 117 684
24 118 1056
21 119 4461
41 120 2735
96 121 1843
47 122 8569
42 123 1960
25 124 441
121 125 7356
61 126 9878
57 127 5842
27 128 1048
41 129 7964
127 130 6507
107 131 2915
2 132 2849
27 133 988
81 134 6589
1 135 6791
40 136 7405
46 137 2874
106 138 2935
18 139 3950
56 140 1800
18 141 6009
115 142 2872
94 143 7740
54 144 7314
105 145 6684
50 146 1731
61 147 8790
43 148 945
31 149 7791
81 150 2574
21 151 1675
128 152 573
50 153 8991
5 154 6180
25 155 2888
106 156 1458
30 157 1437
142 158 4499
3 159 1858
138 160 4513
35 161 2751
18 162 4990
57 163 3281
142 164 2064
78 165 2255
116 166 7804
118 167 1231
123 168 5558
132 169 9674
158 170 2775
67 171 8621
156 172 1664
87 173 9634
151 174 3102
170 175 1198
142 176 2014
110 177 252
176 178 4995
83 179 1802
159 180 7046
170 181 8595
108 182 8478
12 183 4877
160 184 2240
171 185 6387
94 186 136
159 187 1061
61 188 3993
87 189 1967
77 190 9969
179 191 2663
1 192 209
36 193 2491
185 194 9563
77 195 7067
8 196 1596
153 197 9170
119 198 973
151 199 395
138 200 1525
193 201 4274
110 202 321
110 203 1256
14 204 7206
119 205 7323
131 206 1029
11 207 7686
179 208 2209
27 209 6452
172 210 9454
67 211 7387
134 212 4138
116 213 8326
52 214 768
140 215 3939
138 216 2570
28 217 463
187 218 1719
216 219 4783
10 220 2158
35 221 8272
68 222 6850
24 223 3297
144 224 3222
108 225 6639
212 226 7299
91 227 9441
102 228 9655
167 229 2390
128 230 752
165 231 3420
38 232 5562
157 233 5762
159 234 3973
9 235 8352
122 236 2426
183 237 6597
121 238 5407
22 239 9361
109 240 6713
15 241 1237
103 242 5906
33 243 1671
121 244 5852
169 245 4138
209 246 3989
48 247 7886
73 248 4475
84 249 8499
23 250 3057
179 251 5972
169 252 8146
167 253 6066
158 254 9317
7 255 1342
3 256 8866
188 257 2108
210 258 9957
243 259 9188
86 260 2528
188 261 26
94 262 5414
56 263 9216
57 264 1541
17 265 5147
21 266 2355
17 267 2787
109 268 477
110 269 4127
227 270 8603
136 271 7537
85 272 7960
123 273 1405
49 274 8769
146 275 8864
271 276 2204
202 277 8494
14 278 7371
123 279 2124
200 280 7249
147 281 6928
131 282 9892
279 283 1238
164 284 8836
221 285 7444
110 286 7930
176 287 6304
239 288 7764
243 289 9424
219 290 1841
49 291 8707
26 292 8424
188 293 9966
248 294 6846
270 295 1385
227 296 1415
211 297 1515
106 298 3868
27 299 3827
50 300 3662
196 301 4665
262 302 9370
295 303 1605
64 304 302
285 305 8446
93 306 6075
106 307 9557
30 308 1291
98 309 5779
301 310 996
289 311 143
124 312 3806
250 313 3029
170 314 7122
34 315 9732
174 316 6420
39 317 8119
313 318 6866
273 319 5766
279 320 6925
305 321 7197
120 322 7479
45 323 2318
136 324 6397
52 325 2019
320 326 6088
162 327 4374
176 328 9055
149 329 340
31 330 4367
115 331 4351
189 332 2365
70 333 2116
300 334 7307
282 335 8413
141 336 1705
7 337 6391
50 338 2238
325 339 726
12 340 3127
277 341 3991
59 342 8560
164 343 118
175 344 6209
279 345 3234
252 346 490
170 347 2526
248 348 2242
304 349 185
304 350 6684
103 351 2000
309 352 9739
311 353 5955
47 354 3944
92 355 6885
41 356 1889
107 357 7911
235 358 2260
95 359 1784
74 360 1949
143 361 6246
183 362 5020
341 363 856
269 364 6122
362 365 6767
116 366 1166
298 367 7353
23 368 5451
264 369 6728
172 370 8060
310 371 2963
314 372 1346
44 373 1980
324 374 5677
337 375 8306
299 376 7370
100 377 7591
264 378 4892
207 379 7077
134 380 6798
48 381 6588
238 382 1560
249 383 5359
316 384 5984
67 385 7072
315 386 7458
116 387 6729
82 388 3955
41 389 9148
158 390 9171
81 391 5293
65 392 1201
383 393 4703
342 394 8915
224 395 8988
268 396 854
250 397 2522
30 398 547
285 399 9738
285 400 2275
97 401 6258
398 402 2420
274 403 3245
130 404 428
226 405 3281
123 406 6045
294 407 114
7 408 6586
192 409 4229
15 410 6073
310 411 4455
129 412 5897
64 413 2191
359 414 9286
357 415 9810
271 416 6283
311 417 8310
271 418 632
146 419 1480
177 420 8036
386 421 7458
382 422 8708
157 423 8503
322 424 1532
391 425 4801
130 426 9989
11 427 9709
56 428 560
69 429 6901
279 430 6970
11 431 495
266 432 993
32 433 932
304 434 1654
161 435 4931
197 436 6771
39 437 3974
391 438 9743
136 439 9030
155 440 9535
236 441 8731
40 442 8928
120 443 6582
189 444 7266
247 445 9939
169 446 4039
393 447 1241
11 448 412
435 449 3812
153 450 2455
127 451 2693
332 452 3186
235 453 7111
412 454 6375
189 455 5861
135 456 2349
294 457 7547
362 458 8561
84 459 1434
253 460 3928
276 461 3809
313 462 36
120 463 5400
443 464 9573
183 465 3086
328 466 4642
37 467 2229
104 468 4857
327 469 4828
50 470 467
388 471 462
379 472 2747
46 473 1993
241 474 1969
67 475 4530
281 476 2250
205 477 4694
240 478 1914
392 479 6388
449 480 1764
21 481 1338
53 482 10000
39 483 5533
112 484 4847
383 485 7069
398 486 6828
41 487 8200
277 488 68
12 489 2029
374 490 1335
325 491 660
481 492 7727
105 493 764
79 494 8496
125 495 4917
35 496 6832
293 497 5904
421 498 2185
83 499 5732
326 500 5549
342 501 7458
294 502 6602
279 503 6202
19 504 1902
304 505 6831
212 506 1788
270 507 2985
1 508 1343
286 509 9402
287 510 8783
109 511 2836
145 512 114
319 513 5032
113 514 2260
204 515 6017
95 516 4842
30 517 4371
408 518 1108
266 519 2734
447 520 6865
202 521 6488
140 522 5863
449 523 7497
353 524 5107
438 525 1672
267 526 1950
295 527 4823
226 528 7969
522 529 8955
206 530 5930
166 531 2414
192 532 1631
341 533 9864
378 534 6306
382 535 6123
311 536 9062
161 537 1374
75 538 5201
163 539 3021
351 540 7587
139 541 3390
92 542 742
476 543 2855
161 544 3318
48 545 9887
119 546 9074
507 547 9314
3 548 5844
260 549 5209
134 550 8334
359 551 7529
95 552 1925
503 553 2778
349 554 8850
17 555 3979
518 556 5606
155 557 6821
13 558 6382
351 559 45
513 560 4568
343 561 957
298 562 9445
562 563 5637
334 564 1200
195 565 894
96 566 5197
186 567 6480
288 568 4373
426 569 1205
200 570 8801
492 571 2093
252 572 4245
514 573 7907
525 574 1967
259 575 6799
377 576 1152
488 577 46
333 578 9435
266 579 4207
438 580 9675
42 581 9391
312 582 9546
5 583 2568
532 584 9119
107 585 3605
205 586 615
423 587 7449
97 588 2375
130 589 7345
181 590 9697
465 591 1895
419 592 1830
427 593 1480
338 594 1611
250 595 2376
338 596 1502
328 597 1317
43 598 6971
96 599 5449
133 600 9898
265 601 4452
181 602 1099
435 603 5737
5 604 9893
93 605 2279
129 606 7483
86 607 1404
460 608 2545
200 609 6037
66 610 3181
109 611 3097
206 612 9009
19 613 342
77 614 9400
334 615 3147
301 616 8703
486 617 6361
12 618 7862
569 619 9940
421 620 4951
457 621 3534
87 622 5110
489 623 2533
590 624 8569
598 625 3708
46 626 5994
518 627 7688
92 628 8939
461 629 5516
191 630 1706
446 631 9287
24 632 8549
72 633 3931
40 634 6991
258 635 1410
363 636 9492
460 637 9452
152 638 7001
599 639 9788
477 640 6200
558 641 6468
331 642 9306
190 643 7534
97 644 2901
379 645 637
212 646 3401
114 647 2019
562 648 6245
153 649 3748
639 650 911
28 651 1562
564 652 6484
235 653 9291
386 654 4989
602 655 504
519 656 2755
376 657 9975
177 658 4244
440 659 4084
305 660 7991
29 661 5955
613 662 8636
286 663 7864
56 664 9623
423 665 6075
211 666 2222
255 667 182
436 668 7153
285 669 4289
451 670 5546
502 671 5921
39 672 3813
668 673 1868
247 674 4881
47 675 9920
662 676 2327
294 677 932
335 678 6204
353 679 1711
445 680 4770
66 681 392
4 682 931
310 683 1581
132 684 6512
8 685 2136
399 686 5319
500 687 6271
71 688 5971
562 689 6235
297 690 7161
585 691 2155
151 692 2288
220 693 7018
470 694 5072
139 695 5742
274 696 8799
68 697 5395
104 698 1687
503 699 3975
230 700 7836
570 701 2503
199 702 2828
321 703 2922
101 704 6856
657 705 6380
94 706 1667
192 707 9038
238 708 808
113 709 6572
692 710 8849
190 711 4975
235 712 2613
147 713 8996
230 714 1009
460 715 2876
246 716 5418
24 717 5974
252 718 1234
330 719 2842
660 720 650
147 721 2055
217 722 6391
296 723 6112
692 724 9080
118 725 3938
382 726 246
69 727 25
129 728 5373
65 729 8323
350 730 1130
414 731 6629
488 732 117
406 733 653
226 734 6641
149 735 295
346 736 4258
462 737 4996
476 738 6734
214 739 56
346 740 6551
159 741 8211
80 742 456
172 743 7107
493 744 7262
260 745 4184
678 746 7849
35 747 1944
220 748 8275
264 749 8323
413 750 1488
334 751 7914
397 752 8375
251 753 619
606 754 2736
7 755 9312
293 756 9230
43 757 3865
713 758 4239
555 759 2503
651 760 2257
708 761 2139
154 762 2679
139 763 2830
749 764 4492
426 765 9986
587 766 8392
101 767 8393
446 768 257
146 769 1861
60 770 9076
739 771 8991
375 772 1380
384 773 5659
661 774 9298
239 775 8092
381 776 2589
523 777 1429
92 778 9004
299 779 1664
6 780 2698
763 781 5857
750 782 144
78 783 29
585 784 7114
538 785 7032
409 786 7843
618 787 8733
338 788 2754
32 789 2034
166 790 745
148 791 8586
398 792 1515
696 793 3276
655 794 7615
306 795 884
565 796 9538
464 797 9833
387 798 1409
613 799 1183
483 800 8247
669 801 4733
792 802 8532
654 803 1010
645 804 5199
656 805 5108
274 806 2798
134 807 8761
449 808 547
466 809 5353
526 810 1176
474 811 8531
474 812 990
597 813 3328
670 814 4259
744 815 1349
275 816 5683
209 817 4477
703 818 2512
268 819 2198
354 820 516
712 821 7290
605 822 2614
654 823 1761
334 824 3292
146 825 1781
393 826 5296
283 827 5478
705 828 2982
306 829 5903
204 830 2637
450 831 7321
559 832 5236
239 833 7758
9 834 4094
432 835 7665
7 836 9833
728 837 9132
781 838 6460
421 839 794
349 840 543
80 841 8662
645 842 7455
733 843 5428
672 844 3538
147 845 4638
514 846 7896
258 847 8721
471 848 9282
351 849 2522
583 850 3927
264 851 9451
667 852 2533
311 853 402
447 854 3542
519 855 4668
731 856 9651
852 857 1318
315 858 7004
352 859 7684
173 860 6169
827 861 294
359 862 4331
398 863 8007
758 864 150
840 865 8695
432 866 5603
373 867 1356
242 868 3489
543 869 5621
351 870 4940
292 871 7791
517 872 1761
493 873 5979
130 874 6240
793 875 1616
362 876 2643
619 877 2845
502 878 2574
130 879 8770
216 880 6728
212 881 7119
51 882 4585
53 883 8316
635 884 6900
34 885 2987
534 886 9143
66 887 1868
404 888 3504
541 889 6399
87 890 2099
755 891 2191
278 892 1289
539 893 8717
241 894 6203
109 895 9130
414 896 4463
873 897 8921
574 898 9282
249 899 8100
154 900 2455
557 901 2686
526 902 6511
718 903 4201
492 904 841
482 905 2777
597 906 3388
74 907 9977
510 908 1459
511 909 6316
377 910 664
453 911 5574
337 912 8756
288 913 605
598 914 4437
27 915 1306
423 916 3633
216 917 3044
389 918 347
64 919 463
795 920 6916
637 921 8993
591 922 1859
388 923 2837
522 924 5224
199 925 500
590 926 8813
568 927 4656
924 928 4334
529 929 6195
160 930 7739
199 931 5832
361 932 2171
794 933 8215
754 934 5828
252 935 3623
411 936 2504
422 937 911
753 938 2833
814 939 7005
643 940 6753
326 941 5339
874 942 8147
807 943 1295
618 944 1414
180 945 6162
620 946 8747
28 947 3476
417 948 3597
353 949 2190
215 950 1
913 951 2247
944 952 2798
4 953 843
674 954 2878
482 955 8776
164 956 2933
366 957 4123
456 958 3570
362 959 7707
632 960 6772
576 961 4660
713 962 7198
559 963 568
150 964 4462
451 965 4784
860 966 8395
3 967 505
106 968 7853
25 969 5853
17 970 4897
568 971 2815
734 972 4445
893 973 6587
625 974 7393
47 975 7244
429 976 2671
735 977 3360
181 978 4700
24 979 4570
194 980 9575
237 981 8423
751 982 7337
77 983 9859
706 984 446
347 985 1149
963 986 1971
875 987 3848
87 988 2992
140 989 8915
765 990 1032
527 991 7787
232 992 5167
663 993 4847
732 994 268
242 995 7476
812 996 1999
287 997 5818
244 998 8868
311 999 2911
34 1000 7144
1000
459 939 971
204 729 909
43 55 706
352 582 850
849 919 922
20 181 844
361 412 139
556 795 13
191 969 23
549 739 3
161 355 117
478 569 720
361 964 338
167 340 160
702 892 672
58 172 994
612 737 143
505 750 496
131 147 599
620 628 158
506 637 388
283 773 974
3 875 2
354 745 187
310 402 223
523 851 477
3 246 970
286 719 834
857 964 544
157 329 917
308 430 228
212 545 736
8 317 2
483 508 520
419 440 591
235 285 968
219 236 692
145 702 904
198 961 974
196 450 492
82 293 9
119 436 118
107 233 74
376 562 746
214 567 190
458 831 883
241 450 101
52 720 791
101 511 927
286 563 198
35 995 6
5 124 286
283 514 17
744 950 519
206 480 795
169 543 158
64 294 23
367 856 294
605 996 398
564 810 377
162 985 987
452 896 981
87 515 75
179 199 694
102 165 725
884 949 964
590 932 994
62 691 900
537 731 331
491 849 880
699 995 244
202 816 989
227 569 32
188 280 106
223 613 24
151 995 1000
508 661 328
193 669 907
259 294 528
375 537 794
22 787 10
258 695 776
624 829 123
356 413 141
378 816 327
377 993 190
86 327 75
142 837 959
147 983 17
27 420 804
800 822 920
158 784 48
270 289 402
744 983 986
462 770 424
238 470 221
169 358 90
445 466 809
278 577 66
568 984 992
261 946 90
125 706 66
25 586 15
308 312 339
420 611 993
217 497 108
201 335 341
228 365 572
189 839 61
49 95 35
737 749 924
423 683 805
118 126 980
17 470 878
505 880 928
607 944 950
402 770 826
69 702 824
285 308 221
927 966 976
7 861 4
187 778 95
481 673 468
94 997 999
703 889 669
327 985 1000
425 811 239
75 363 50
90 622 4
245 672 104
545 922 967
451 690 292
266 382 642
438 569 773
877 945 959
593 852 862
861 987 661
248 270 283
313 971 990
859 873 966
431 765 982
294 834 45
492 837 118
632 946 951
110 878 9
524 919 4
76 520 752
130 337 442
730 771 562
66 521 9
294 773 784
135 933 92
216 660 791
474 526 687
599 669 3
397 881 912
346 510 176
737 823 844
177 740 769
141 648 689
152 207 747
603 700 759
334 862 259
586 854 87
4 356 848
639 687 569
153 942 151
314 865 132
741 883 917
249 552 872
397 519 56
291 964 972
239 276 127
451 820 920
132 253 92
109 371 460
384 498 184
256 717 9
44 417 42
638 798 865
558 765 851
401 640 712
357 550 302
193 306 922
458 768 836
455 786 842
186 850 117
378 582 249
682 972 996
483 674 959
258 859 87
79 603 766
580 729 952
481 512 211
552 795 905
178 958 961
6 711 770
285 725 92
347 924 955
133 611 785
183 709 750
633 849 121
62 909 48
67 84 17
690 830 981
279 444 808
231 497 633
496 772 393
483 980 286
485 584 605
366 916 974
19 665 794
63 344 475
63 221 499
544 874 913
669 969 562
177 813 97
164 214 370
256 506 228
303 520 543
383 674 202
721 839 856
238 364 715
22 783 12
269 364 208
669 770 998
418 807 50
88 367 519
121 367 933
344 869 874
127 757 979
426 937 13
163 797 132
253 299 176
149 371 867
358 448 952
86 197 8
458 483 137
195 234 441
44 122 523
315 791 55
400 715 218
514 853 251
201 697 104
78 747 901
167 375 150
451 755 924
62 577 44
129 343 36
878 985 990
583 703 813
339 985 10
248 891 927
382 843 861
23 495 21
135 480 128
729 905 107
116 985 63
708 961 442
238 846 139
662 852 411
478 681 413
616 694 60
381 574 65
527 673 934
111 821 949
32 371 11
537 905 186
34 610 907
472 910 58
834 957 154
45 281 1
851 959 339
117 754 947
645 908 76
438 792 943
432 753 884
421 848 927
111 161 2
222 273 649
26 254 15
185 969 85
63 385 59
403 517 117
113 627 642
304 1000 300
580 580 474
72 937 945
486 935 38
124 516 20
657 718 800
518 972 991
11 190 8
383 808 37
211 853 923
84 123 500
353 356 914
473 625 34
371 972 255
331 509 271
775 833 987
749 882 567
50 402 5
199 546 859
49 70 40
106 467 746
263 902 71
728 969 519
198 939 181
36 523 938
611 755 134
724 809 107
303 500 2
720 941 160
392 864 244
645 785 263
188 359 595
119 839 906
214 849 977
444 491 9
267 860 939
610 964 992
435 742 788
351 967 976
481 493 963
170 858 130
169 466 850
560 818 826
34 731 924
294 672 247
257 837 223
319 697 986
6 693 713
124 454 891
134 496 785
394 583 80
909 928 568
579 755 566
624 698 791
161 630 22
20 893 952
134 193 123
185 709 873
508 712 915
483 891 9
250 835 183
802 816 936
214 676 3
246 938 980
669 702 863
492 767 458
510 995 126
107 836 904
325 678 2
291 525 261
239 856 950
153 536 636
242 942 947
153 245 132
257 354 59
266 600 860
764 788 726
232 428 43
185 223 158
365 686 218
100 814 39
120 470 925
54 633 32
200 871 141
592 909 225
274 530 241
747 921 246
829 906 290
258 835 899
267 832 238
228 571 106
283 811 245
448 689 204
61 989 7
167 693 977
86 566 641
23 832 18
696 798 802
296 323 281
76 306 818
536 981 125
109 160 42
227 724 749
641 913 411
110 906 911
376 414 504
110 154 103
43 716 34
685 994 574
531 787 320
510 863 112
358 979 989
52 485 580
286 790 56
67 400 48
192 305 147
299 672 739
38 318 982
606 777 788
622 957 996
631 818 77
174 248 118
773 787 728
961 980 992
8 172 2
185 575 39
360 644 702
495 966 467
649 888 247
337 638 237
513 816 443
37 845 856
666 812 96
36 477 683
358 582 151
54 258 21
24 328 19
601 956 274
108 593 952
140 276 365
186 756 972
432 776 114
214 595 92
198 640 100
15 719 948
145 919 132
321 820 111
738 886 918
426 604 723
200 451 456
133 930 941
69 119 42
61 694 985
479 897 954
368 799 99
4 189 583
204 832 854
638 854 997
654 956 26
267 321 996
34 438 28
158 287 361
646 888 945
495 925 395
467 776 122
137 618 676
381 579 290
553 621 966
335 750 164
290 383 109
103 873 95
407 641 138
403 599 884
165 977 983
223 779 12
378 382 366
730 902 912
320 441 728
240 365 614
305 357 466
62 745 810
63 905 924
463 840 942
138 866 944
783 820 37
11 156 9
194 715 131
224 299 159
402 434 635
692 762 795
289 517 21
108 366 56
270 288 3
441 442 435
702 819 504
98 642 774
170 470 127
368 370 37
194 640 172
72 808 958
110 161 886
439 676 889
330 654 858
707 922 945
149 231 369
112 684 38
193 656 82
427 886 981
438 691 759
454 459 771
203 480 909
224 360 54
296 367 637
144 603 849
470 758 967
246 524 133
173 180 82
286 487 851
151 298 50
700 976 495
85 852 62
459 699 18
201 752 774
240 389 237
519 866 970
565 696 908
316 406 424
220 367 50
862 932 188
688 751 938
35 887 20
741 900 85
418 623 992
172 456 70
408 911 962
303 370 279
231 276 547
451 691 947
163 779 93
460 779 967
637 875 81
567 696 90
574 929 334
133 772 901
510 678 128
863 867 986
321 573 277
123 339 721
184 414 145
186 982 1000
20 822 8
466 929 992
359 804 911
9 803 3
94 547 895
29 233 13
95 452 975
121 669 29
777 880 929
650 748 396
399 900 362
68 1000 8
545 841 863
455 656 406
839 950 700
557 669 529
70 171 567
400 990 352
373 518 780
349 996 35
234 952 976
147 582 141
59 417 512
486 911 922
30 878 956
310 399 668
297 872 58
789 833 237
490 920 962
233 599 607
136 527 29
154 167 188
460 992 222
592 985 991
347 649 984
388 977 42
824 904 956
26 626 846
405 488 66
736 871 259
676 696 584
286 915 268
475 565 400
324 833 989
548 985 996
33 341 9
915 978 988
8 876 3
578 840 976
440 1000 322
42 275 735
300 347 800
58 61 782
213 956 995
239 529 784
288 322 913
147 869 952
366 804 299
64 705 48
409 811 106
562 876 443
487 553 444
655 761 909
440 514 47
43 238 21
316 525 71
133 988 117
678 893 152
446 678 683
198 390 689
148 209 331
550 815 919
203 382 560
193 774 793
32 262 31
258 570 961
307 577 157
53 947 990
524 633 648
93 444 44
318 502 609
307 457 276
525 818 900
484 932 463
87 629 64
126 396 85
650 801 542
907 948 96
889 973 994
477 498 225
467 778 997
329 421 157
155 225 94
614 780 378
179 753 820
217 320 148
720 864 961
109 995 997
609 662 855
417 893 974
463 702 707
533 851 287
818 865 815
318 470 471
64 91 53
222 962 996
343 879 998
557 708 902
83 267 770
302 487 737
485 664 275
136 675 691
633 868 908
587 651 944
98 790 18
653 730 789
73 439 33
442 919 405
282 794 234
327 772 963
332 750 278
334 485 253
653 939 959
96 558 38
375 842 11
213 237 717
785 807 292
483 963 967
58 515 764
780 994 396
381 566 704
530 534 646
70 725 908
913 953 532
430 993 208
687 876 948
685 804 836
559 848 433
38 221 31
713 716 907
872 998 999
782 930 949
27 336 345
489 506 772
116 914 936
431 656 772
60 140 44
558 693 180
102 187 79
124 729 108
533 823 182
68 976 5
84 376 68
333 839 859
121 240 16
328 772 22
270 462 223
422 723 738
204 741 105
554 758 473
135 433 830
359 426 933
332 833 983
533 771 47
72 728 931
98 872 50
725 941 49
448 639 643
131 244 34
542 798 31
70 425 67
240 709 905
177 514 625
507 736 972
442 838 149
337 383 137
421 768 832
354 891 131
270 558 749
185 468 949
708 892 437
157 244 23
34 112 10
882 977 881
521 563 656
306 594 214
593 741 843
479 545 869
87 854 10
270 840 99
698 847 963
26 815 981
669 686 712
122 416 532
10 467 629
628 801 426
344 618 92
352 744 170
469 653 193
23 274 19
446 451 956
666 949 976
177 303 415
67 466 60
153 982 993
318 460 551
540 678 919
770 922 490
571 727 416
568 777 804
46 49 552
53 473 20
843 851 425
105 832 879
137 557 638
424 985 998
483 719 845
733 972 998
224 843 218
327 731 14
164 1000 14
194 678 125
93 625 85
449 624 437
191 553 844
44 981 15
328 904 161
268 770 118
496 685 853
318 476 835
219 893 31
212 313 102
562 823 307
190 498 753
844 934 987
40 116 462
94 182 71
296 906 945
635 771 921
298 384 94
162 647 981
493 913 990
287 978 136
123 201 109
596 966 191
206 690 705
357 636 6
267 318 955
184 810 140
132 708 101
279 356 360
732 786 345
106 230 37
729 746 48
358 704 151
167 443 11
21 997 12
673 855 864
429 739 771
588 693 350
224 935 26
378 500 768
18 966 17
615 854 298
404 590 799
840 967 272
26 689 14
148 812 925
479 982 412
414 727 731
341 745 979
151 522 32
151 452 792
350 765 162
572 580 683
165 601 160
92 918 963
848 954 978
185 918 945
220 387 98
285 646 976
48 182 27
789 981 993
306 646 184
714 894 975
297 508 196
132 673 824
829 859 938
10 320 3
303 352 682
508 611 723
689 946 640
761 934 951
134 761 122
128 166 488
133 301 52
263 995 6
418 723 136
192 664 158
204 532 41
149 823 37
136 246 63
612 935 349
188 745 139
57 145 12
163 701 57
595 610 730
325 954 973
308 478 788
575 876 275
580 992 571
874 969 189
63 994 3
521 889 420
323 939 944
371 949 980
531 980 997
554 763 202
454 491 158
115 344 819
56 161 23
503 659 15
665 954 3
31 756 876
289 803 942
243 755 769
303 578 761
644 696 39
6 474 587
178 429 749
620 655 710
318 626 715
712 937 368
739 945 275
344 518 173
728 888 995
159 752 143
317 718 851
526 970 986
376 942 337
742 984 214
492 805 865
31 671 20
90 195 961
9 669 1
351 485 129
373 811 831
485 593 658
599 980 543
543 620 919
50 809 825
121 796 993
599 918 319
421 783 957
203 306 150
435 525 247
146 582 986
50 826 12
392 660 342
729 917 170
11 257 10
775 890 919
14 31 539
672 828 129
253 776 22
157 508 754
343 993 337
516 660 768
579 759 51
230 389 181
11 319 764
404 934 977
76 830 41
363 666 178
304 800 103
371 715 756
561 840 992
338 626 98
20 589 782
226 456 210
35 619 31
647 920 520
192 659 947
457 523 755
103 200 967
312 923 104
114 747 52
631 676 787
794 808 831
73 678 3
403 705 128
158 647 9
116 809 840
545 991 300
68 633 60
636 995 1000
181 233 820
15 533 3
488 783 467
62 778 910
700 783 383
731 807 999
212 564 5
438 590 922
178 216 521
75 261 736
573 738 258
525 943 127
345 416 868
200 514 76
730 878 943
264 556 173
287 520 904
108 645 770
397 829 874
599 739 473
32 847 930
430 514 343
125 622 54
297 524 858
651 671 804
105 439 919
30 627 836
640 866 366
594 699 460
519 854 373
775 843 605
8 480 5
303 878 148
124 433 456
474 570 907
12 281 684
26 233 425
253 458 592
199 479 947
391 686 179
627 870 923
284 388 127
111 284 26
64 288 25
5 595 1
631 679 465
252 1000 217
289 331 960
259 749 958
841 953 817
344 779 230
262 654 100
850 922 471
278 591 673
288 414 737
342 531 690
909 994 999
151 347 513
470 794 979
523 636 96
308 691 15
133 995 998
206 872 17
246 248 523
150 885 93
132 954 96
417 902 321
81 672 820
35 685 908
