0
1000 5000
3902 -3115 -3505 1547 497 3950 -3786 -314 -2332 1999 4602 3022 -3725 2659 -3304 1551 -3398 4784 3223 4838 1598 923 4714 3763 2303 -4288 -1935 3810 -2954 4170 1000 -3353 -3430 3687 -1629 2095 3698 1662 476 -2193 4810 -3972 3084 2793 -3113 -2405 2772 2931 3918 -56 -4807 2148 -1333 761 2415 3330 1652 -1037 -833 2533 181 3450 2305 -3446 -2090 -4505 4919 4050 -1920 -4279 893 3841 402 377 -3662 675 2635 -216 3284 -2486 366 4910 -2041 4857 1060 -1665 262 -526 -4130 -1588 -4056 -2580 4349 4727 226 4019 -3501 -2641 2456 3239 -1037 1224 3035 -4829 1743 -4205 -3693 3575 -3710 -971 -311 141 -581 -117 761 -1183 -2078 4504 -4728 1905 -544 2220 -1607 -2642 3917 -4664 3980 3910 1569 1019 2966 -3487 -3487 724 -3317 -1494 -260 -1663 -2661 -692 -2469 -3756 3463 4920 4246 2986 -667 1125 -2156 2264 478 -3774 -4011 -46 -1486 4410 -4220 3365 1347 4729 -2679 -2554 -4101 2370 998 -1385 92 -4987 -4535 -728 -3962 -1164 -1732 581 -3093 -4762 -3309 2115 -1595 4609 -2485 4881 429 66 2424 4876 1596 -1304 3268 -968 -987 -1960 -4965 -4283 4040 3676 -3993 2531 -4007 -4391 -3064 -2996 -1435 124 -3076 -585 -403 3164 -2006 -4040 541 115 1165 4141 1933 2886 2972 -3706 -2839 3327 1732 1606 632 3399 -796 2752 676 2347 830 -2146 -4036 1444 1767 -4274 -459 769 4466 416 -2639 3424 2426 1847 -600 -227 -49 -4649 -159 4546 -344 2047 1897 412 -984 -4997 790 1863 3787 3707 -2221 4546 -2362 -3568 -4793 2846 -3629 -972 2382 4839 -4254 2533 -2349 2232 4332 -956 3276 -3746 -4307 -2667 375 -1776 4796 4869 303 -4607 -1531 1165 -4380 41 -2221 -2929 1343 -1342 4228 2020 -1795 -3444 1633 3145 -1541 -2638 2731 -3524 -4071 -4744 -4242 2560 3053 -3620 -4935 682 -2775 -1869 -1876 720 -3025 1783 228 413 -2704 -4968 -2931 -2730 1052 -2842 4416 -1556 1535 -2021 -1934 -4323 -2557 2674 3822 3023 312 3709 -4237 -1494 4646 683 1580 -1154 700 1438 680 4690 1678 -628 -423 -2395 4762 2042 -2636 1642 -1956 4991 2199 -3603 -3380 3979 2739 -1304 -4519 -2229 -3864 3626 1916 661 -560 -3109 3768 -1049 463 3467 1468 2129 -1385 -2459 139 3580 -2029 1648 806 4589 -4915 -374 -3831 960 4974 94 -1445 4663 -1468 3132 -3342 -3393 -3404 4300 1599 -3772 3017 -2698 4136 354 -3155 4315 4380 2897 -2072 -2839 -1042 2512 976 2142 3957 -518 4201 -3715 902 -3665 3419 -345 -4747 -2743 1834 -4405 -2999 -1353 -2398 1624 -3656 -2964 -4386 -4106 3168 -1490 941 4461 -2303 474 2050 2109 -4804 -405 1847 -1018 3769 3509 4063 3404 -1205 -3237 1165 4173 -1618 -4436 1574 -4773 -2601 -1091 -3631 -710 -4595 1234 919 -4538 3836 -2641 1047 3240 898 1101 4839 -4018 -1025 2840 4995 -1696 -3418 2278 1275 3148 -2827 -1395 -1808 3044 -1826 1644 4198 -1233 -3583 -1023 -4137 3820 -1393 254 2336 4852 -1342 -3966 -4026 -1151 2979 1317 -1067 4424 -1436 -1194 -2650 -26 2740 804 4796 -2196 4230 134 2896 2070 -2841 2763 421 -1871 -261 -1856 -2876 -162 -1565 -2559 -1280 2956 -2344 1592 1208 -2649 -1396 -4713 2666 2967 4678 -2811 -3479 3231 -4865 -4542 -2904 2359 -3323 1504 62 4495 -2697 -3625 2357 -745 -3376 1855 -3507 -887 -592 -4978 1745 2734 4156 1349 1777 -4076 -1962 -1856 -254 4884 -3031 -3732 4380 1996 2891 -1540 -1004 -3482 -108 532 -3166 -4097 3476 -3351 4660 2703 1521 1466 -4543 1191 1351 -3886 2771 -1397 4073 -3802 -1575 1949 -1448 3228 3048 -3685 2909 4674 -166 -544 755 -547 -2766 4640 -3299 1028 4126 -28 2809 -4527 -1070 935 4534 1798 1633 591 -2630 3944 -4011 -3164 -1106 -2215 3903 -4307 -1412 -322 594 2200 410 3057 4607 -2470 41 4278 -4280 2912 -960 2323 1582 3345 91 370 -3891 -4391 -4880 -3508 -670 3560 -2112 -4267 -1872 -4212 1447 -3468 3447 1557 3999 -3131 4713 643 -1025 3563 4406 -1679 2499 -4281 -3290 4214 1004 896 -3678 -1167 3849 4551 -3940 -1220 -1658 -892 1804 -4971 -578 -3324 4247 1518 672 -4082 442 -2452 4347 193 1026 -3608 -2021 2123 -1623 -3160 2136 3612 1180 674 3160 -1119 -3 1218 2839 -4848 -3220 -1622 401 4514 3871 4785 -390 -4693 -1329 2841 4048 -3163 1669 2314 3316 1049 4199 1087 -3101 -4790 4162 -4231 4610 577 848 -3414 -1789 -3397 -2927 -1816 -1425 -1928 2218 -2089 3827 -2758 1803 -431 2315 1831 -2583 4053 -3501 3336 2728 737 -4351 -1782 -3847 3900 1566 -4807 -343 1093 2219 -4161 -4979 -4687 1755 4937 2094 489 -3123 2882 -4921 -2600 -3266 2230 3059 3479 3256 -2913 1074 -4165 3765 -3490 2435 -4827 -3100 2083 3354 -2879 -128 -428 1977 4940 -1684 1050 3005 -2447 504 922 1394 -4536 -2579 -2591 2752 2538 -2853 478 -836 -2011 -1849 -4595 2824 -658 -2594 -3253 -1460 3067 -321 4360 -95 -2015 -3088 -2302 -4669 -4196 3212 -1678 -4060 -1843 2669 2514 -3502 -3395 1121 -3239 -3541 4881 1338 -2669 -3236 -3807 -2718 -2129 -1466 -3395 -1558 -3264 -4656 2056 2765 -4425 -4509 -2713 -2160 -4266 -4195 -2978 3313 3134 -4978 -3117 -521 -1378 -4639 -775 2469 3286 -3141 1259 -1870 -4519 -1880 -2230 2305 2540 -3098 3857 -4610 -4912 -4768 -2573 -8 4852 -3983 1414 496 4194 -380 4170 1829 -4009 1126 1470 -3161 -4597 -1889 954 -1922 2426 -3606 -4644 -3915 46 3075 1453 376 -4495 966 -2909 -1280 326 1748 4891 -307 691 -2402 3381 2628 -3291 3253 1411 2282 4320 3988 4354 -3383 -486 2096 2878 -1818 905 -3461 1150 3725 2086 907 -525 2852 -1682 4465 -3470 -3166 -4231 -370 -1744 -1499 -3397 3985 648 21 3156 600 -4272 -3855 -4600 -2784 3734 -1840 -3284 -2210 3824 -3767 24 2352 -190 1854 -3349 613 -214 22 795 856 -4470 -2463 -1241 -4244 -152 -414 -1320 1856 -4812 -793 2552 -667 3763 -1351 -4398 109 3230 -1490 -797 221 2485 -4045 -1212 
0 374 765
0 440 624
0 215 592
0 24 25
0 35 769
0 92 93
0 276 277
0 75 76
0 247 766
0 558 777
0 80 801
0 420 421
0 22 23
0 243 244
0 450 960
0 189 874
0 94 841
0 15 16
0 27 28
0 123 124
0 412 413
0 201 202
0 418 419
0 66 67
0 825 830
0 81 82
0 256 257
0 36 578
0 245 246
0 409 410
0 128 929
0 260 261
0 256 508
1 604 604
0 644 795
0 453 454
0 482 882
0 141 142
0 142 143
0 422 423
0 373 374
0 428 429
0 460 461
0 162 163
0 837 883
0 357 358
0 265 266
0 740 848
0 491 881
0 103 637
0 62 63
0 46 47
0 72 73
0 193 547
0 109 749
0 413 414
0 420 728
0 299 300
0 413 804
0 409 615
0 491 623
0 230 231
0 259 513
0 556 683
0 473 823
0 6 774
0 3 4
0 275 951
0 150 673
0 588 876
0 383 384
0 259 260
0 139 140
0 369 370
0 788 887
0 262 503
0 357 966
0 638 735
0 143 144
0 49 717
0 256 786
0 330 331
0 483 864
0 122 123
0 462 566
0 386 539
0 142 698
0 261 540
0 291 591
0 270 271
0 695 821
0 132 133
0 283 284
0 268 269
0 395 396
0 907 938
0 441 442
0 135 136
0 385 386
0 286 287
0 389 390
0 48 49
0 355 356
0 54 55
0 44 45
0 484 485
0 482 483
0 367 639
0 426 427
0 503 790
0 163 164
0 904 955
0 338 339
0 69 730
0 348 789
0 184 185
0 370 371
0 241 242
0 187 781
0 375 376
0 562 620
0 99 583
0 94 600
0 101 102
0 439 440
0 319 320
0 593 845
0 94 95
0 368 369
0 164 560
0 21 22
0 116 117
0 334 335
0 468 469
0 392 747
0 101 631
0 228 229
0 496 497
0 300 714
0 38 925
0 247 248
0 207 208
0 249 916
0 473 474
0 643 700
0 43 44
0 342 343
0 574 651
0 486 487
0 129 677
0 45 46
0 211 212
0 20 21
0 42 43
0 154 155
0 518 573
0 280 281
0 289 290
0 478 479
0 8 9
0 489 859
0 308 738
0 13 14
0 285 286
0 301 302
0 146 900
0 899 934
0 152 799
0 577 962
0 483 484
0 70 71
0 310 311
0 770 993
0 492 493
0 441 880
0 316 556
0 225 791
0 406 407
0 56 57
0 335 604
0 38 39
0 45 704
0 189 190
0 196 767
0 385 723
0 678 750
0 82 923
0 463 464
0 26 27
0 169 170
0 511 771
0 236 695
0 12 601
0 183 694
0 85 86
0 288 289
0 176 177
0 164 165
0 627 778
0 427 817
0 763 986
0 897 978
0 174 175
0 321 322
0 193 194
0 523 656
0 659 933
0 129 888
1 860 860
0 88 89
0 419 420
0 37 648
0 32 33
0 238 745
0 691 935
0 399 902
0 80 81
0 653 726
0 824 930
0 293 294
0 119 120
0 129 130
0 384 385
0 377 378
0 95 641
0 632 792
0 693 753
0 350 351
0 136 137
0 264 915
0 434 655
0 417 418
0 641 870
0 602 706
0 832 952
0 545 659
0 5 6
0 94 559
0 409 898
0 502 948
0 563 588
0 529 918
0 507 692
0 329 579
0 302 303
0 19 20
0 498 499
0 419 949
0 173 174
0 169 586
0 529 718
0 269 895
0 398 666
0 355 693
0 277 278
0 504 982
0 429 430
0 68 534
0 448 449
0 98 831
0 400 811
0 376 678
0 318 319
0 220 221
0 58 59
0 309 1000
0 23 24
0 34 35
0 10 742
0 517 873
0 70 526
0 7 675
0 197 198
0 76 971
0 233 523
0 86 87
0 512 646
0 300 932
0 125 126
0 385 987
0 298 512
0 2 3
0 382 383
0 772 970
0 481 482
0 828 891
0 198 199
0 330 920
0 223 732
0 345 705
0 81 640
0 99 100
0 14 15
0 177 178
0 279 280
0 96 97
0 472 473
0 491 492
0 320 943
0 2 798
0 479 719
0 9 10
0 337 338
0 705 965
0 785 884
0 362 363
0 332 548
0 366 367
0 128 129
0 290 291
0 805 824
0 89 90
0 227 972
0 292 293
0 207 541
0 116 533
0 284 285
0 506 685
0 208 209
0 183 184
0 37 998
0 105 643
0 211 596
0 134 847
0 235 975
0 48 838
0 100 527
0 183 858
0 464 828
0 53 663
0 50 51
0 117 118
0 67 68
0 442 961
0 93 679
0 226 227
0 114 115
0 814 840
0 537 715
1 284 283
0 87 557
0 79 619
0 90 91
0 49 50
0 134 135
0 141 871
0 464 731
0 130 131
0 410 953
0 25 26
0 295 296
0 311 312
0 476 652
0 336 337
0 431 432
0 403 404
0 730 981
0 464 465
0 306 307
0 257 258
0 51 52
0 61 561
0 380 784
0 269 671
0 375 724
0 110 517
0 333 334
0 295 744
0 110 111
0 411 621
0 231 903
0 308 553
0 41 42
0 205 206
0 416 645
0 227 228
0 574 899
0 331 863
0 479 480
0 120 121
0 261 262
0 171 172
0 323 324
0 612 755
0 12 13
0 255 256
0 371 372
0 14 577
0 630 842
0 221 222
0 285 684
0 396 397
0 173 866
0 325 326
0 621 974
0 144 145
0 360 361
0 543 575
0 258 822
0 164 658
0 38 839
0 39 40
0 17 939
0 187 597
0 250 851
0 106 776
0 35 945
0 455 456
0 271 834
0 853 997
0 574 625
0 549 697
0 459 702
0 353 785
0 445 809
0 330 672
0 81 576
0 338 537
0 102 103
0 322 323
0 248 249
0 196 197
0 233 856
0 485 511
0 100 101
0 7 8
0 495 496
0 393 394
0 80 780
0 139 708
0 274 618
0 63 64
0 876 926
0 320 321
0 590 844
0 145 146
0 425 426
1 580 580
0 281 282
0 200 201
0 102 568
0 443 444
0 112 113
1 774 774
0 465 466
0 105 106
0 398 399
0 64 65
0 221 759
0 495 633
0 663 739
0 6 7
0 572 816
0 187 855
0 181 182
0 415 416
0 591 919
0 253 254
0 16 17
0 341 342
0 500 825
0 193 551
0 167 168
0 342 722
0 343 344
0 203 204
0 321 748
0 172 701
0 97 98
0 791 940
0 530 680
0 363 364
0 480 481
0 485 486
0 31 32
0 282 283
0 161 162
0 147 689
1 197 196
0 383 875
0 236 237
0 538 660
0 376 377
0 387 865
0 249 250
0 315 316
0 743 812
0 265 554
0 354 355
0 569 696
0 10 11
0 677 691
0 387 388
0 291 292
0 459 460
0 35 36
0 3 854
0 352 353
0 289 879
0 323 521
0 809 850
0 44 681
0 185 186
1 945 36
0 397 398
0 75 861
0 749 999
0 407 408
0 796 984
0 206 207
0 25 709
0 513 609
0 368 571
0 327 328
0 228 629
0 461 462
0 250 783
0 380 381
0 554 991
0 604 787
0 207 758
0 17 538
0 9 634
0 76 77
0 284 826
0 303 304
0 594 988
0 136 669
0 521 590
0 446 447
0 20 635
0 21 665
0 274 275
0 367 368
0 151 152
0 469 470
0 246 247
0 499 500
0 28 29
0 385 836
0 527 653
0 374 922
0 103 104
0 306 885
0 450 545
0 32 846
0 98 99
0 247 912
0 218 219
0 272 273
0 539 773
0 60 61
0 347 348
0 151 505
0 432 433
0 720 794
0 280 814
0 418 807
0 186 501
0 79 800
0 269 270
0 328 329
0 224 225
0 311 608
0 447 448
0 113 114
0 225 226
0 179 180
0 240 241
0 244 245
0 194 716
0 165 166
0 566 682
0 652 860
0 107 108
0 320 544
0 122 889
0 503 819
0 219 220
0 148 149
0 209 210
0 121 122
0 74 75
0 308 309
0 320 743
0 300 301
0 370 516
0 107 947
0 103 761
0 149 150
0 80 833
0 230 518
0 442 443
0 481 550
0 598 711
0 399 400
0 598 599
0 229 531
0 356 357
0 402 403
0 346 347
0 120 552
0 175 924
0 30 670
0 449 450
0 160 161
0 204 205
0 381 567
0 186 187
0 249 727
0 110 690
0 104 105
0 182 183
0 421 422
0 229 230
0 265 594
0 278 279
0 505 810
0 390 391
0 154 584
0 70 610
0 1 2
0 87 580
1 544 743
0 437 707
1 8 5
0 451 452
0 215 216
0 530 617
0 62 664
0 500 980
0 97 530
0 85 913
0 178 179
0 55 56
1 466 828
0 109 867
0 252 253
0 127 128
1 487 485
0 204 803
0 761 793
0 504 741
0 353 354
0 146 147
0 729 973
0 330 760
0 388 389
1 682 459
0 82 770
0 133 134
1 227 229
0 372 373
0 52 53
0 123 721
0 93 94
0 526 555
0 166 536
0 312 313
0 470 471
0 645 977
0 489 490
0 33 994
0 404 405
1 653 530
0 348 349
0 114 869
1 705 705
0 883 890
0 237 238
0 43 857
0 109 110
0 467 468
0 326 327
0 76 687
0 349 350
0 304 305
0 97 757
0 328 525
0 424 662
0 360 532
0 73 74
0 450 451
0 317 318
0 316 317
0 86 661
0 69 70
0 18 19
0 769 849
0 180 779
0 410 411
0 420 607
0 219 725
0 390 995
1 841 679
0 36 37
0 343 514
0 488 489
0 130 502
1 879 291
0 434 435
0 544 756
1 183 855
0 418 558
0 262 263
0 94 968
0 438 439
0 91 92
0 408 409
0 264 265
0 167 549
0 691 967
0 400 401
0 242 936
0 551 950
1 487 719
0 156 157
0 466 467
0 191 192
0 623 754
0 149 657
0 452 453
0 475 992
0 381 382
0 267 644
0 132 507
0 140 141
0 380 699
0 487 488
0 59 60
0 846 894
0 235 236
0 224 729
0 18 901
0 262 519
0 213 214
0 131 818
0 217 218
0 343 546
0 153 154
0 374 562
0 168 169
0 518 906
0 298 299
0 405 406
0 242 654
0 131 132
0 365 366
0 464 589
0 331 332
0 29 30
0 216 217
0 79 528
0 233 234
0 250 251
0 436 437
1 948 131
0 238 611
0 11 12
0 378 379
0 214 510
1 210 758
0 474 475
0 124 125
1 661 85
0 209 896
0 640 668
0 68 69
0 338 941
0 106 107
0 57 58
0 337 989
0 188 189
0 194 195
0 319 626
1 279 276
0 6 736
0 71 72
0 166 167
0 732 878
0 629 772
0 210 211
0 82 83
0 374 375
0 814 852
0 236 595
0 267 268
0 275 276
1 555 72
0 297 298
1 83 801
0 445 446
1 367 516
0 476 835
0 743 904
0 61 62
0 147 148
0 307 308
0 373 636
0 571 582
0 84 712
0 157 158
1 871 673
0 175 649
0 47 602
0 150 151
0 212 213
0 416 417
1 186 183
0 516 958
0 30 31
0 379 380
0 17 18
0 878 937
0 244 788
0 662 956
0 83 84
0 359 360
0 686 797
1 230 791
0 152 153
1 370 373
0 152 570
0 391 392
1 11 601
0 462 463
1 507 935
0 154 893
0 231 232
0 344 345
0 392 393
1 556 590
0 338 630
0 266 267
0 45 815
0 453 628
0 364 365
0 393 976
0 475 476
0 435 436
0 388 529
1 660 774
0 318 808
0 305 306
0 294 295
0 329 330
0 309 310
0 168 622
0 468 942
0 104 969
0 171 763
1 694 187
0 313 314
0 47 48
1 214 510
0 637 710
0 174 627
0 609 957
0 75 907
0 376 990
0 37 38
0 49 647
1 669 818
1 271 264
0 547 674
0 254 255
0 400 676
1 736 577
0 716 853
1 470 461
0 893 931
0 88 751
0 35 813
1 912 243
0 528 565
1 209 214
0 187 188
0 112 504
0 78 79
1 893 584
0 4 5
0 97 983
1 447 448
0 250 563
0 232 233
0 118 119
0 175 176
0 58 964
0 404 642
0 40 41
0 177 782
0 339 340
0 79 80
1 108 776
0 384 806
0 7 650
0 611 720
0 253 764
1 939 29
0 273 274
0 323 606
0 357 509
0 180 181
1 573 856
0 159 160
1 854 742
0 33 34
1 798 42
0 332 333
1 736 47
0 362 911
1 573 234
1 920 787
0 236 543
0 411 412
1 647 40
1 10 31
0 558 959
0 71 572
0 710 897
0 397 574
0 314 315
0 732 837
0 340 341
0 55 740
0 271 272
0 187 946
1 901 774
0 470 688
0 412 737
1 630 722
0 454 455
1 377 582
0 126 127
0 404 522
0 411 877
1 635 675
0 138 139
0 205 921
0 778 886
0 137 138
0 202 203
1 20 45
0 141 944
0 345 346
1 19 736
0 380 613
1 9 41
0 251 252
0 192 193
1 129 505
1 925 578
0 95 96
1 306 544
0 287 288
0 87 88
1 918 394
0 747 768
1 606 812
0 141 827
1 561 62
0 108 109
1 678 539
1 742 13
0 116 713
1 404 412
0 424 425
1 129 140
1 308 318
0 214 215
0 262 542
0 328 905
1 26 925
1 901 634
0 834 892
0 238 239
0 313 569
1 939 704
1 671 288
0 84 85
0 660 820
0 324 325
1 24 1
0 365 843
1 211 201
1 983 559
0 494 495
0 457 458
1 836 582
1 274 265
1 51 10
0 41 616
1 647 675
0 496 733
0 155 156
1 147 129
1 109 619
0 918 928
1 47 849
0 122 605
1 29 774
0 440 441
1 669 140
0 158 159
1 328 313
1 157 658
0 77 78
1 66 96
0 216 506
1 608 316
1 939 815
0 195 196
1 600 816
0 437 438
1 12 31
0 343 796
0 258 259
1 998 12
0 170 171
1 150 161
0 918 927
1 169 161
0 433 434
1 132 552
0 444 445
1 968 780
0 691 802
0 87 515
1 756 521
0 296 524
1 675 40
1 548 333
0 577 996
0 477 478
1 541 219
0 358 359
0 79 979
1 176 858
0 65 66
1 528 637
1 187 189
0 53 54
1 526 710
1 854 861
1 93 52
1 802 586
1 139 505
1 594 287
1 83 14
0 208 909
1 964 43
1 67 998
1 143 162
0 154 587
1 600 740
1 384 806
0 497 498
1 59 640
1 87 22
1 939 16
1 69 107
0 263 264
1 577 643
1 994 41
1 104 77
1 92 528
0 2 612
1 102 60
1 84 56
1 634 79
0 490 491
1 993 88
1 62 35
0 472 832
1 826 788
1 44 83
1 90 16
1 664 650
1 250 252
0 351 352
1 56 9
1 555 617
0 476 477
1 894 23
0 143 581
1 974 406
1 279 783
1 217 510
1 530 706
1 916 253
1 669 153
0 427 428
1 506 217
1 163 708
1 774 978
0 471 472
1 65 91
1 16 86
1 974 404
1 65 46
1 989 347
1 52 653
0 379 593
1 816 99
1 788 671
1 673 168
1 187 188
1 993 996
1 641 84
1 742 640
0 478 535
1 848 839
1 353 984
1 715 789
1 28 21
0 223 614
1 63 37
1 48 993
1 661 774
1 43 993
1 870 901
1 964 668
1 730 20
0 234 235
1 280 879
1 795 281
1 697 967
1 171 162
0 290 520
1 97 681
1 230 720
1 743 306
1 247 644
1 698 160
0 239 240
1 584 131
1 665 925
1 965 884
1 246 267
1 658 118
1 7 111
0 272 985
1 66 755
1 559 833
1 45 534
1 619 20
0 111 112
1 994 993
0 401 402
1 671 272
1 459 860
0 414 415
1 36 838
1 670 857
1 650 62
1 56 650
1 42 820
0 347 603
1 994 78
0 721 805
1 11 115
1 21 70
1 96 663
1 964 757
0 242 243
1 111 64
1 936 951
1 269 940
1 248 729
1 261 543
1 26 617
0 456 457
1 854 102
1 776 56
1 311 743
1 985 892
1 626 905
1 811 737
0 6 910
1 398 522
1 109 717
1 538 710
1 702 481
1 939 105
1 653 848
1 664 50
1 609 283
0 386 387
0 458 459
1 695 588
1 361 358
1 616 57
1 565 901
1 75 751
1 81 107
1 233 819
1 457 479
0 115 116
1 121 568
1 637 166
1 138 17
1 542 259
1 486 469
1 568 805
1 689 8
1 860 719
1 150 687
1 51 560
1 625 404
1 942 477
1 611 513
0 31 638
1 739 69
1 95 660
1 131 22
1 740 32
1 595 288
1 851 275
1 55 167
1 9 152
1 49 168
1 468 435
1 962 713
1 62 739
1 141 800
1 243 241
1 6 22
1 689 37
1 691 88
0 646 908
1 647 160
1 710 22
1 19 600
1 117 49
1 897 708
1 709 155
1 6 172
1 589 456
1 561 572
1 867 165
1 538 144
1 601 763
0 315 872
1 780 102
1 242 243
1 89 721
1 834 764
1 838 142
1 576 171
0 190 191
1 857 816
1 133 68
1 391 383
1 286 791
1 65 534
1 49 165
1 69 947
1 136 849
1 440 463
1 580 139
1 154 57
1 382 995
0 172 173
1 534 188
1 849 156
1 190 88
1 855 616
1 504 150
1 124 681
1 187 34
1 858 647
1 761 133
1 276 654
1 141 61
1 318 327
1 265 654
1 195 32
0 394 395
1 100 767
1 37 154
1 605 547
1 894 690
1 137 779
1 10 888
1 893 824
1 450 688
1 669 5
1 504 861
1 923 168
1 228 745
1 57 73
1 195 660
1 617 730
1 93 661
1 689 74
1 964 839
1 168 559
1 91 148
0 212 917
1 533 24
1 507 848
1 927 411
1 91 111
1 32 982
1 761 517
1 861 767
1 158 849
1 757 913
1 739 638
1 607 405
1 186 866
1 741 151
1 700 855
1 910 99
1 39 134
1 819 247
1 293 261
1 918 416
1 232 287
1 173 816
0 357 829
1 886 158
1 23 547
1 121 94
1 101 692
1 54 34
1 853 43
1 572 675
1 65 31
1 86 947
1 677 649
1 694 982
1 46 581
1 287 254
1 119 536
1 109 584
1 198 815
1 818 802
1 857 34
1 983 798
1 964 730
1 660 528
1 906 594
1 19 180
1 502 986
1 946 913
1 612 757
1 181 798
0 223 224
1 530 82
1 450 652
1 904 544
1 413 928
1 713 712
1 736 713
1 25 173
1 230 732
1 288 503
1 67 674
1 913 186
1 277 878
1 136 13
1 638 131
1 552 172
1 763 191
1 767 192
1 416 724
1 199 18
1 486 960
1 648 831
1 998 118
1 844 908
1 894 87
1 140 174
0 297 598
1 415 922
1 612 27
1 957 609
1 134 112
1 973 265
1 258 224
1 971 530
1 551 91
1 597 55
1 979 894
1 348 785
1 227 975
1 280 225
1 243 270
1 44 697
1 107 824
1 63 741
1 616 186
1 534 87
1 528 910
1 107 505
1 872 327
1 769 162
1 120 708
1 880 942
0 366 914
1 86 950
1 520 241
1 871 138
1 739 124
1 501 70
1 971 8
1 129 177
1 170 533
1 95 528
1 770 994
1 717 98
1 837 594
1 160 32
1 800 838
1 927 990
0 303 734
1 389 582
1 73 48
1 990 408
1 698 627
1 700 780
1 139 158
1 861 23
1 784 927
1 917 216
1 913 128
1 114 874
1 855 51
1 154 861
1 191 67
1 474 476
1 120 610
1 950 14
1 617 930
0 372 752
1 42 805
1 726 886
1 192 11
1 246 878
1 653 177
1 602 713
1 692 709
1 164 49
1 119 60
1 199 142
1 793 40
1 419 397
1 226 788
1 81 622
1 983 24
1 153 664
1 167 800
1 151 46
1 852 588
1 70 77
1 813 147
1 2 552
1 137 739
1 997 661
1 126 948
1 109 12
1 42 947
1 782 640
1 888 816
1 519 915
1 628 771
0 493 494
1 571 412
1 34 622
1 148 515
1 634 929
1 153 175
1 32 54
1 91 22
1 600 889
1 113 565
1 189 649
1 584 660
1 533 846
1 610 691
1 880 495
1 982 126
1 925 154
1 975 233
1 37 89
1 68 969
0 335 336
1 161 749
1 99 888
1 48 971
1 646 785
1 461 440
1 114 91
1 260 270
1 92 28
1 824 709
1 125 691
1 661 993
1 145 4
1 342 941
1 813 638
1 584 622
1 84 622
1 869 49
1 706 597
1 5 866
1 997 65
0 222 223
1 236 766
1 77 52
1 60 40
1 352 646
1 475 891
1 587 602
1 284 758
1 758 285
1 592 241
1 256 222
1 203 287
1 216 856
1 829 359
1 130 190
1 572 137
1 712 190
1 583 64
1 959 405
1 224 204
1 717 33
1 741 191
1 109 126
1 109 26
1 957 211
1 653 168
0 424 585
1 970 611
1 740 853
1 451 489
1 140 690
1 691 167
1 716 21
1 123 195
1 611 892
1 58 726
1 893 108
1 937 212
1 580 763
1 627 23
1 599 361
1 700 634
1 910 586
1 340 327
1 261 937
1 984 318
1 456 825
1 974 372
1 136 160
1 397 615
0 430 431
1 656 246
1 249 919
1 247 794
1 138 158
1 323 904
1 695 896
1 444 511
1 978 570
1 600 86
1 733 452
1 602 113
1 485 471
1 208 903
1 872 715
1 684 629
1 177 133
1 196 85
1 793 170
1 883 293
1 763 802
1 54 857
1 763 947
1 103 118
0 199 200
1 895 231
1 225 549
1 385 949
1 280 554
1 620 522
1 520 148
1 782 552
1 814 48
1 975 999
1 4 851
1 165 609
1 690 138
1 523 63
1 379 807
1 108 654
1 839 950
1 289 586
1 28 816
1 426 942
1 759 871
1 145 780
1 915 206
1 769 150
1 503 998
1 117 180
1 665 834
1 877 363
1 123 970
1 4 156
1 831 972
1 935 653
1 201 684
1 345 305
1 803 29
1 982 5
1 681 291
1 916 56
1 164 90
1 518 886
1 404 949
1 130 158
1 267 528
1 232 26
1 549 983
1 665 222
1 546 310
1 874 695
1 559 247
1 179 277
1 229 59
1 972 55
1 52 644
1 723 412
1 576 122
1 583 192
1 272 98
1 244 178
1 520 185
1 368 902
1 759 129
1 997 210
1 900 55
1 267 985
1 690 851
1 290 271
0 237 862
1 211 996
1 878 189
1 661 117
1 691 81
1 22 214
1 893 151
1 236 629
1 117 212
1 89 212
1 83 154
1 595 203
1 838 818
1 165 523
1 873 219
1 684 647
1 228 627
1 31 57
1 274 551
1 214 247
1 819 948
1 223 269
1 161 685
1 321 785
1 972 673
1 729 61
1 650 523
1 619 255
1 909 214
1 815 524
1 584 271
1 229 994
1 818 513
1 766 855
1 56 596
1 157 741
1 179 289
1 820 725
1 8 279
1 60 791
1 384 390
1 342 569
1 588 285
1 53 685
1 578 253
1 631 8
1 124 71
1 208 668
1 837 118
1 878 983
1 559 790
1 985 675
1 508 149
1 115 936
1 184 148
1 40 264
1 802 212
1 218 93
1 122 56
1 803 523
1 534 947
0 73 746
1 259 749
1 194 231
1 242 758
1 36 214
1 210 791
1 141 159
1 531 915
1 950 687
1 658 197
1 46 121
1 196 67
1 781 208
1 596 837
1 2 238
1 751 518
1 998 248
1 858 14
1 594 741
1 236 690
1 74 560
1 704 701
1 13 619
1 633 483
1 757 858
1 924 290
1 225 858
1 996 177
1 592 234
1 12 240
1 240 708
1 800 234
1 887 196
1 105 543
1 235 46
1 833 155
1 744 157
1 643 114
1 643 184
1 692 814
1 358 748
1 115 231
1 249 22
1 647 531
1 218 45
1 691 897
1 123 216
1 896 605
1 530 821
1 689 59
1 973 100
1 7 149
1 267 739
1 238 129
1 713 540
1 227 576
1 978 547
1 427 659
1 732 764
1 754 633
1 244 782
0 691 703
1 106 292
1 171 813
1 210 745
1 677 204
1 638 105
1 839 155
1 258 8
1 555 917
1 908 340
1 549 63
1 531 13
1 519 102
1 20 554
1 484 429
1 909 264
1 343 315
1 848 154
1 90 286
1 668 222
1 542 906
1 94 174
1 287 838
1 98 962
1 70 779
1 659 731
1 670 503
1 230 862
1 741 883
1 294 758
1 725 584
1 185 583
1 227 178
1 89 158
1 201 119
1 174 541
1 766 741
1 409 927
1 968 671
1 794 291
1 602 214
1 109 783
1 818 90
1 680 237
1 795 547
1 266 203
1 887 685
1 690 42
1 594 201
1 282 799
1 814 507
1 627 255
1 648 287
1 204 271
1 135 213
1 176 853
1 597 222
1 878 849
0 54 775
1 194 62
1 821 30
1 61 67
1 752 922
1 774 107
1 726 998
1 962 62
1 851 159
1 134 915
1 224 555
1 151 988
1 209 700
1 795 195
1 253 202
1 260 675
1 204 570
1 985 689
1 280 897
1 602 263
1 524 5
1 241 631
1 63 133
1 546 738
1 992 438
1 594 154
1 236 861
1 610 819
1 973 72
1 174 744
1 265 502
1 202 68
1 510 968
1 924 656
1 503 866
1 885 787
1 572 732
1 197 114
1 156 226
1 94 957
1 986 59
1 630 626
1 137 289
1 242 778
1 292 160
1 182 820
1 563 691
1 524 517
1 270 605
1 282 80
1 425 450
1 968 685
1 587 170
1 241 82
1 595 745
1 217 238
1 691 917
1 759 248
1 180 272
1 653 967
1 572 627
1 253 126
1 654 274
1 883 870
1 173 612
1 822 72
1 88 894
1 37 106
1 103 660
1 206 577
1 806 414
1 162 192
1 225 761
1 123 732
1 13 216
1 61 794
1 921 165
1 95 729
1 223 929
1 660 858
1 247 658
1 824 21
1 819 191
1 988 893
1 772 95
1 536 231
1 52 726
1 815 278
0 383 564
1 657 795
1 85 948
1 939 846
1 194 225
1 207 121
1 63 157
1 856 1
1 786 968
1 184 224
1 840 143
1 503 129
1 280 123
1 649 58
1 998 708
1 267 555
1 933 473
1 851 936
1 279 730
1 125 791
1 849 259
1 588 552
1 90 138
1 735 248
1 501 555
1 695 541
1 38 43
1 689 915
1 185 28
1 783 82
1 284 910
1 243 813
1 165 216
1 851 77
1 663 759
1 758 22
1 848 34
1 12 964
1 889 183
1 208 838
1 211 260
1 888 970
1 993 218
1 901 258
1 236 816
1 698 576
1 249 580
1 616 130
1 1 159
1 70 689
1 168 88
1 651 419
1 277 8
1 669 614
1 96 127
1 202 134
1 135 763
0 611 667
1 199 160
1 249 202
1 766 43
1 916 223
1 892 861
1 653 803
1 851 526
1 221 689
1 32 878
1 12 945
1 916 677
1 114 262
1 434 462
1 102 541
1 775 211
1 382 522
1 627 57
1 703 276
1 241 751
1 30 910
1 919 28
1 169 186
1 209 761
1 674 106
1 725 964
1 542 62
1 936 184
1 198 207
1 893 189
1 818 292
1 619 542
1 185 612
1 240 749
1 650 690
1 7 151
1 814 869
1 198 689
1 89 560
1 674 175
1 278 901
1 890 282
1 132 168
1 54 275
1 275 93
1 975 113
1 244 45
1 284 134
1 727 27
1 239 800
1 49 229
1 979 559
1 986 265
1 78 915
1 151 242
1 921 26
1 944 700
1 871 924
1 228 164
1 878 667
1 285 901
1 291 98
1 999 200
1 29 60
1 733 440
1 611 644
1 463 952
1 523 166
1 530 293
1 962 896
1 183 254
1 278 89
0 305 954
1 224 84
1 848 195
1 747 737
1 34 862
1 221 158
1 822 10
1 81 820
1 58 292
1 12 227
1 622 879
1 862 165
1 703 78
1 584 923
1 230 819
1 650 821
1 24 907
1 210 251
1 277 92
1 790 944
1 222 584
1 893 230
1 419 362
1 758 232
1 716 820
1 969 263
1 598 343
1 250 164
1 962 903
1 524 964
1 70 5
1 143 739
1 463 437
1 188 924
1 697 214
1 239 93
1 304 604
1 820 531
1 18 248
1 157 658
1 121 92
1 788 667
1 267 873
1 13 214
1 883 282
1 822 947
1 14 856
1 618 610
1 671 916
1 744 19
1 824 239
1 547 883
1 643 217
1 517 869
1 158 252
1 781 175
1 229 262
1 26 827
1 772 886
1 58 695
1 508 894
1 250 968
1 869 267
1 778 671
1 821 69
1 663 204
1 740 141
1 612 231
1 800 919
1 824 253
1 994 591
1 854 228
1 592 554
1 111 63
1 288 848
1 81 257
1 256 779
1 610 286
1 194 507
1 23 218
0 40 632
1 946 549
1 967 265
1 124 772
1 742 147
1 168 795
1 518 551
1 34 290
1 588 234
1 788 122
1 732 716
1 210 839
1 586 73
1 283 663
1 85 230
1 902 621
1 309 514
1 565 506
1 831 819
1 75 170
1 271 870
1 403 564
1 819 134
1 508 524
1 122 267
1 278 669
1 732 271
1 792 575
1 560 861
1 866 228
1 414 845
1 685 39
1 165 541
1 465 424
1 234 862
1 15 124
1 197 273
1 192 220
1 633 455
1 411 865
1 507 292
1 821 720
1 936 560
1 98 916
1 982 576
1 680 703
1 210 171
1 240 801
1 63 661
1 618 20
1 767 225
1 47 231
1 60 515
1 791 878
1 717 792
1 852 710
1 128 632
1 991 41
1 19 61
1 703 776
1 972 33
1 64 234
1 632 220
1 694 584
1 45 695
1 268 1
0 163 963
1 850 440
1 903 986
1 878 510
1 639 752
1 283 270
1 632 763
1 855 573
1 969 792
1 837 99
1 668 758
1 916 758
1 123 66
1 526 282
1 647 260
1 824 848
1 162 833
1 559 834
1 732 791
1 206 526
1 504 253
1 542 669
1 557 820
1 215 631
1 227 25
1 561 893
1 77 573
1 802 687
1 886 246
1 668 695
1 924 247
1 241 507
1 745 888
1 72 160
1 519 638
1 637 767
1 205 130
1 591 767
1 770 276
1 195 654
1 541 919
1 648 950
1 248 617
1 677 853
1 277 654
1 669 228
1 2 664
1 604 705
1 519 657
1 282 588
1 581 792
1 242 675
1 162 230
1 155 261
1 565 139
1 703 591
1 168 216
1 632 801
1 983 268
1 886 118
1 268 936
1 159 286
1 921 664
1 177 727
1 263 504
1 13 513
1 640 272
1 676 806
1 244 614
1 886 758
1 931 227
1 552 703
1 873 506
1 264 721
1 779 612
1 968 192
1 587 947
1 139 744
1 598 693
1 72 740
0 423 424
1 285 680
1 239 194
1 840 159
1 397 490
1 227 923
1 376 457
1 397 497
1 47 703
1 282 34
1 433 380
1 745 10
1 832 651
1 768 843
1 228 706
1 161 996
1 878 120
1 62 47
1 209 910
1 182 240
1 169 788
1 612 204
1 727 191
1 256 648
1 48 294
1 226 168
1 834 32
1 383 414
1 464 401
1 855 588
1 59 133
1 864 414
1 449 383
1 542 848
1 763 819
1 394 459
1 659 875
1 678 495
1 181 3
1 997 792
1 856 38
1 549 968
1 977 860
1 289 967
1 832 620
1 53 132
1 713 970
1 257 160
1 616 632
1 782 611
1 541 94
1 915 510
1 933 956
1 946 239
1 205 586
1 68 181
1 468 843
1 99 853
1 586 851
1 684 210
1 592 266
1 961 387
1 427 396
1 605 781
1 181 892
1 214 25
1 876 775
1 283 215
1 719 959
1 865 445
1 890 133
1 191 946
1 862 576
1 484 615
1 240 993
1 773 898
1 806 445
1 901 946
1 795 692
1 891 645
1 708 594
1 42 77
1 283 921
1 394 461
1 653 951
1 708 73
1 974 438
1 134 867
1 563 200
1 91 838
1 997 183
1 239 710
1 865 881
1 661 792
1 161 242
1 137 746
1 806 607
1 723 451
0 361 362
1 29 211
1 385 461
1 810 201
1 752 322
1 531 65
1 799 926
1 672 307
1 462 954
1 493 914
1 461 348
1 133 632
1 690 207
1 462 378
1 370 956
1 711 384
1 863 365
1 747 496
1 707 699
1 187 203
1 975 866
1 414 733
1 723 491
1 380 652
1 298 817
1 390 728
1 17 755
1 278 792
1 723 512
1 872 750
1 382 443
1 199 290
1 403 477
1 966 438
1 928 374
1 427 384
1 495 394
1 529 361
1 443 332
1 860 327
1 904 615
1 339 387
1 17 261
1 304 880
1 415 346
1 585 696
1 214 827
1 266 536
1 801 717
1 941 433
1 373 835
1 220 901
1 682 414
1 437 965
1 1000 845
1 842 367
1 738 443
1 710 792
1 368 318
1 987 499
1 885 628
1 460 734
1 435 413
1 702 365
1 753 364
1 633 419
1 615 436
1 184 517
1 79 191
1 337 369
1 776 77
1 492 387
1 93 903
1 301 480
1 212 975
1 583 244
1 865 457
1 207 694
1 871 856
1 138 540
1 461 702
1 436 773
1 240 997
1 682 357
1 438 806
1 200 176
1 680 171
1 397 550
1 590 363
1 963 79
1 593 585
1 863 845
1 750 550
1 811 338
1 404 908
1 529 334
1 772 855
1 705 707
1 148 906
1 763 209
1 584 32
1 753 550
1 698 543
1 954 313
1 444 683
1 472 310
1 453 407
1 444 330
1 933 723
1 270 220
1 444 298
1 294 957
1 479 385
1 704 568
1 919 506
1 1 231
1 582 705
1 449 927
1 163 63
1 909 179
1 296 661
1 771 829
1 426 537
1 441 724
1 277 505
1 644 114
1 701 950
1 842 707
1 399 393
1 210 110
1 829 825
1 982 923
1 36 233
1 406 941
1 186 595
1 632 801
1 941 535
1 411 564
1 365 535
1 615 486
1 256 673
1 829 468
1 989 478
1 605 95
0 97 686
1 616 991
1 310 865
1 767 926
1 815 236
1 865 436
1 242 203
1 789 313
1 397 748
1 643 991
1 82 507
1 811 882
1 72 296
1 954 383
1 401 453
1 633 566
1 574 604
1 74 137
1 26 923
1 325 497
1 651 754
1 566 341
1 491 385
1 860 307
1 14 632
1 476 352
1 420 714
1 498 598
1 820 695
1 241 127
1 89 614
1 905 405
1 318 421
1 752 558
1 351 487
1 466 397
1 343 443
1 213 152
1 323 662
1 385 920
1 901 290
1 898 734
1 579 481
1 652 952
1 427 651
1 207 917
1 359 719
1 688 737
1 339 688
1 999 294
1 984 390
1 770 826
1 626 958
1 983 186
1 435 394
1 209 858
1 382 468
1 837 270
1 362 743
1 240 871
1 474 357
1 793 178
1 138 57
1 245 568
1 837 869
1 732 64
1 594 162
1 465 368
1 274 104
1 529 989
1 492 564
1 863 484
1 251 7
1 454 365
1 969 632
1 305 875
1 899 402
1 197 63
1 389 566
1 527 686
1 73 186
1 393 498
1 369 872
1 771 451
1 905 728
1 486 370
1 346 662
1 373 446
1 965 466
1 724 521
1 954 416
1 323 493
1 756 465
1 842 539
1 341 482
1 620 482
1 148 182
1 627 568
1 282 800
1 758 112
1 235 855
1 219 602
1 228 40
1 827 29
1 829 299
1 439 731
1 865 315
1 677 238
1 521 613
1 601 887
1 881 300
1 550 359
1 686 48
1 581 10
1 967 263
1 696 498
1 694 629
1 815 906
1 562 329
1 932 493
1 433 373
1 693 384
1 644 37
1 494 407
1 312 394
1 713 234
1 541 610
1 304 733
1 900 233
1 472 911
1 140 42
1 336 875
1 600 926
1 179 856
1 731 356
1 860 908
1 19 177
1 539 458
1 304 470
1 367 465
1 214 188
1 3 216
1 672 448
1 978 578
1 386 327
1 297 702
1 90 288
1 531 129
1 556 891
1 812 469
1 487 966
1 956 409
1 949 829
1 729 583
1 844 471
1 387 705
1 129 939
1 94 531
1 729 871
1 890 211
0 296 297
1 473 302
1 516 302
1 616 476
1 582 526
1 423 242
1 667 421
1 48 272
1 863 856
1 471 265
1 441 502
1 107 203
1 37 344
1 362 939
1 359 769
1 454 139
1 827 711
1 292 430
1 510 497
1 641 842
1 350 384
1 400 294
1 936 85
1 915 537
1 645 45
1 303 136
1 183 127
1 275 787
1 976 114
1 819 613
1 888 405
1 995 517
1 927 937
1 398 109
1 589 697
1 774 984
1 321 990
1 291 360
1 700 686
1 525 767
1 685 747
1 781 452
1 655 11
1 16 347
1 80 860
1 850 252
1 992 604
1 512 676
1 247 376
1 560 368
1 781 885
1 828 594
1 821 593
1 363 548
1 999 686
1 424 355
1 385 315
1 617 682
1 422 910
1 309 981
1 336 592
1 175 830
1 546 686
1 641 298
1 117 775
1 224 223
1 410 598
1 615 675
1 809 650
1 345 280
1 954 670
1 371 704
1 890 455
1 490 256
1 640 193
1 889 932
1 374 320
1 702 538
1 535 146
1 722 246
1 147 829
1 846 319
1 220 481
1 448 599
1 989 501
1 135 719
1 313 577
1 416 680
1 647 676
1 79 914
1 543 697
1 711 557
1 244 327
1 465 163
1 572 738
1 665 659
1 876 410
1 590 549
1 356 440
1 707 887
1 111 885
1 638 911
1 373 46
1 354 289
1 181 411
1 421 424
1 195 785
1 774 522
1 864 582
1 645 245
1 582 446
1 569 493
1 666 151
1 620 229
1 221 1000
1 770 311
1 646 11
1 236 365
1 967 521
1 995 30
1 7 316
1 76 388
1 451 151
1 557 412
1 401 27
1 328 287
1 140 96
1 441 713
1 270 615
1 313 650
1 689 471
1 431 135
1 50 319
1 16 309
1 364 779
1 485 982
1 430 998
1 359 720
1 765 878
1 641 399
1 490 801
1 123 623
1 998 467
1 614 688
1 471 76
1 697 683
1 480 187
1 395 152
1 28 990
1 743 899
1 854 333
1 339 197
1 842 45
1 194 352
1 68 910
1 326 141
1 333 44
1 957 516
1 883 480
1 471 971
1 436 793
1 825 654
1 408 104
1 644 472
1 214 387
1 248 478
1 160 426
1 227 747
1 164 769
1 499 641
1 546 542
1 316 982
1 138 603
1 462 96
1 840 662
1 967 918
1 500 751
1 221 361
1 877 818
1 962 891
1 312 59
1 14 872
1 640 457
1 359 13
1 415 652
1 941 145
1 773 43
1 856 454
1 589 884
1 122 719
1 106 620
1 599 508
1 450 826
1 521 31
1 621 84
1 384 114
1 554 828
1 575 698
1 434 811
1 599 285
1 990 667
1 405 292
1 277 490
1 462 614
1 784 216
1 996 24
1 958 578
1 328 681
1 431 716
1 873 407
1 352 174
1 341 436
1 718 948
1 329 413
1 219 298
1 43 347
1 401 124
1 539 89
1 521 115
1 480 849
1 213 828
1 110 989
1 167 452
1 481 797
1 302 565
1 330 862
1 183 474
1 368 160
1 337 55
1 651 117
1 452 729
1 450 27
1 387 630
1 715 923
1 792 223
1 128 507
1 898 518
1 795 418
1 709 338
1 800 768
1 282 914
1 507 176
1 718 895
1 305 424
1 522 287
1 439 450
1 478 211
1 843 663
1 2 385
1 211 438
1 390 920
1 124 312
1 455 637
1 238 905
1 315 22
1 171 287
1 591 208
1 602 906
1 680 747
1 805 443
1 718 3
1 290 373
1 710 391
1 165 436
1 625 72
1 442 501
1 300 889
1 698 539
1 472 11
1 566 910
1 811 248
1 845 906
1 626 856
1 625 258
1 806 909
1 966 430
1 329 825
1 533 943
1 950 452
1 731 645
1 139 371
1 469 343
1 549 711
1 924 666
1 376 694
1 356 557
1 316 263
1 83 459
1 560 299
1 496 227
1 237 330
1 904 267
1 763 381
1 525 587
1 292 765
1 168 452
1 593 763
1 541 123
1 921 434
1 346 90
1 892 141
1 866 375
1 897 715
1 466 87
1 257 380
1 569 914
1 505 809
1 628 761
1 670 835
1 582 47
1 558 822
1 915 305
1 577 482
1 908 162
1 325 621
1 369 272
1 473 704
1 119 489
1 434 503
1 666 144
1 676 258
1 960 611
1 493 565
1 758 760
1 791 911
1 365 834
1 437 896
1 277 333
1 598 557
1 446 664
1 636 350
1 465 883
1 432 517
1 724 287
1 875 709
1 695 737
1 504 317
1 6 492
1 963 553
1 60 407
1 20 391
1 685 26
1 825 743
1 539 257
1 547 381
1 406 694
1 526 756
1 916 476
1 554 738
1 933 503
1 407 59
1 858 170
1 305 933
1 358 944
1 827 381
1 805 843
1 273 659
1 233 462
1 299 776
1 785 875
1 335 274
1 303 990
1 235 462
1 7 204
1 953 118
1 317 736
1 705 434
1 361 497
1 322 206
1 282 606
1 957 943
1 431 680
1 711 95
1 637 718
1 407 1000
1 213 965
1 807 122
1 384 188
1 222 666
1 342 668
1 993 626
1 192 313
1 149 741
1 988 383
1 252 628
1 796 267
1 326 897
1 604 803
1 862 818
1 263 366
1 619 398
1 183 400
1 458 139
1 982 682
1 515 362
1 436 223
1 230 682
1 653 540
1 769 334
1 961 224
1 487 626
1 259 841
1 300 716
1 795 773
1 386 541
1 198 699
1 167 428
1 13 311
1 282 463
1 599 835
1 315 573
1 851 901
1 648 465
1 45 328
1 731 998
1 542 731
1 382 19
1 682 766
1 681 877
1 593 33
1 733 266
1 269 444
1 120 243
1 833 430
1 608 779
1 203 606
1 747 871
1 23 365
1 620 209
1 417 726
1 161 85
1 48 837
1 995 997
1 336 215
1 501 408
1 350 233
1 797 802
1 644 676
1 668 441
1 1 577
1 554 514
1 624 273
1 361 873
1 873 539
1 966 180
1 922 570
1 141 958
1 338 786
1 940 401
1 108 443
1 694 300
1 84 900
1 142 933
1 404 926
1 158 568
1 980 755
1 202 728
1 312 770
1 337 795
1 856 341
1 486 598
1 174 261
1 111 984
1 4 728
1 425 109
1 296 223
1 81 796
1 407 121
1 782 473
1 29 662
1 905 190
1 564 845
1 890 388
1 555 961
1 839 951
1 374 592
1 460 274
1 704 807
1 837 922
1 683 816
1 489 271
1 43 682
1 595 373
1 521 492
1 894 422
1 382 981
1 199 308
1 734 876
1 441 917
1 741 514
1 690 645
1 472 126
1 589 156
1 199 789
1 267 368
1 753 101
1 291 41
1 372 286
1 886 891
1 899 229
1 376 142
1 651 36
1 818 667
1 632 696
1 466 15
1 424 127
1 62 353
1 261 369
1 203 343
1 198 876
1 942 546
1 941 139
1 916 987
1 903 116
1 933 56
1 132 418
1 410 59
1 917 628
1 495 612
1 838 966
1 341 945
1 767 628
1 923 850
1 931 362
1 629 324
1 801 392
1 468 685
1 18 331
1 158 426
1 339 381
1 731 538
1 886 681
1 410 755
1 12 479
1 587 329
1 56 300
1 761 768
1 541 322
1 337 684
1 739 859
1 952 947
1 402 78
1 562 151
1 738 164
1 639 99
1 525 710
1 798 809
1 557 426
1 724 230
1 748 732
1 317 154
1 771 133
1 545 900
1 263 498
1 179 362
1 178 723
1 952 680
1 341 256
1 842 888
1 955 768
1 373 296
1 310 761
1 636 786
1 683 804
1 947 427
1 247 765
1 57 427
1 4 548
1 548 587
1 134 676
1 90 589
1 537 187
1 409 276
1 963 155
1 40 489
1 119 465
1 273 652
1 141 808
1 541 384
1 592 417
1 181 454
1 257 602
1 611 50
1 761 417
1 317 243
1 652 674
1 350 81
1 214 33
1 249 404
1 424 660
1 966 431
1 475 600
1 564 875
1 890 974
1 564 502
1 508 660
1 615 603
1 305 869
1 322 541
1 7 711
1 425 31
1 189 787
1 825 593
1 421 304
1 128 372
1 479 618
1 87 968
1 955 119
1 701 387
1 322 867
1 787 719
1 996 644
1 360 594
1 686 473
1 45 346
1 893 377
1 56 521
1 567 732
1 992 782
1 866 676
1 562 238
1 344 244
1 252 977
1 476 3
1 494 389
1 1000 772
1 476 930
1 406 162
1 648 413
1 674 421
1 295 511
1 674 613
1 17 425
1 222 337
1 934 924
1 574 929
1 438 136
1 372 183
1 121 466
1 773 177
1 754 786
1 109 995
1 338 172
1 609 674
1 117 556
1 480 105
1 499 668
1 453 686
1 794 233
1 562 755
1 529 543
1 12 785
1 492 795
1 701 959
1 372 924
1 416 217
1 630 670
1 548 701
1 451 405
1 260 865
1 864 209
1 640 651
1 485 400
1 923 441
1 430 265
1 678 89
1 838 343
1 733 1000
1 492 654
1 144 485
1 860 542
1 708 655
1 732 941
1 932 691
1 132 537
1 849 254
1 579 241
1 479 301
1 386 940
1 952 827
1 796 570
1 371 104
1 552 806
1 881 339
1 687 482
1 265 693
1 956 999
1 849 579
1 804 644
1 380 453
1 356 592
1 448 751
1 594 512
1 47 384
1 205 382
1 899 105
1 471 953
1 46 401
1 760 72
1 484 578
1 326 179
1 741 723
1 997 450
1 808 703
1 560 325
1 464 382
1 807 552
1 783 408
1 347 138
1 333 253
1 256 623
1 482 274
1 520 974
1 179 371
1 321 577
1 771 755
1 913 911
1 389 528
1 6 880
1 17 598
1 395 76
1 464 613
1 240 914
1 17 623
1 997 938
1 980 808
1 493 998
1 254 809
1 774 469
1 338 674
1 826 326
1 734 520
1 523 639
1 535 15
1 162 957
1 378 641
1 750 504
1 408 474
1 886 500
1 737 799
1 32 1000
1 662 475
1 396 216
1 557 323
1 317 127
1 845 543
1 770 428
1 819 374
1 310 882
1 774 202
1 851 455
1 564 292
1 478 268
1 795 342
1 806 638
1 357 651
1 271 727
1 74 904
1 247 844
1 377 681
1 585 857
1 73 300
1 244 672
1 516 994
1 679 785
1 942 226
1 933 617
1 175 941
1 588 947
1 409 661
1 972 908
1 450 114
1 443 929
1 806 128
1 882 922
1 719 221
1 651 962
1 601 598
1 592 196
1 585 559
1 685 325
1 717 494
1 155 465
1 961 964
1 569 654
1 983 414
1 477 736
1 433 597
1 660 646
1 879 304
1 548 524
1 401 669
1 666 967
1 628 223
1 719 26
1 660 556
1 329 57
1 581 470
1 818 31
1 236 707
1 866 209
0 752 762
1 729 321
1 747 139
1 351 288
1 107 387
1 340 774
1 272 820
1 755 672
1 39 967
1 349 764
1 821 76
1 991 787
1 276 299
1 64 579
1 621 17
1 394 64
1 993 318
1 221 931
1 330 85
1 532 547
1 379 766
1 539 461
1 820 446
1 523 516
1 477 810
1 355 267
1 3 309
1 46 607
1 752 195
1 396 200
1 638 797
1 787 563
1 426 556
1 954 248
1 438 98
1 881 824
1 811 631
1 845 309
1 48 499
1 703 496
1 500 748
1 194 437
1 382 528
1 340 701
1 832 820
1 734 131
1 783 363
1 982 418
1 928 681
1 613 708
1 314 632
1 218 153
1 148 305
1 842 636
1 718 822
1 38 830
1 648 953
1 242 445
1 394 721
1 914 525
1 827 459
1 495 305
1 716 364
1 332 241
1 337 39
1 94 496
1 625 803
1 693 731
1 612 408
1 126 623
1 995 205
1 845 44
1 608 295
1 761 575
1 494 104
1 700 203
1 106 920
1 976 813
1 658 911
1 579 820
1 984 144
1 1000 23
1 859 732
1 703 712
1 981 308
1 623 385
1 98 456
1 409 181
1 504 632
1 313 967
1 980 905
1 491 729
1 904 83
1 628 293
1 751 608
1 65 646
1 470 71
1 338 100
1 682 117
1 466 533
1 960 518
1 223 266
1 43 958
1 313 75
1 273 389
1 458 415
1 821 489
1 602 404
1 444 826
1 502 313
1 340 17
1 449 853
1 582 494
1 582 853
1 474 654
1 834 615
1 974 227
1 826 403
1 705 432
1 669 481
1 246 452
1 146 458
1 771 670
1 516 62
1 902 610
1 603 74
1 522 552
1 643 965
1 18 639
1 179 974
1 360 519
1 675 550
1 278 332
1 131 395
1 615 972
1 477 23
1 388 680
1 976 621
1 835 700
1 330 222
1 57 546
1 321 430
1 626 269
1 491 79
1 483 32
1 532 912
1 498 872
1 261 539
1 381 294
1 307 563
1 817 560
1 922 41
1 651 297
1 711 758
1 232 556
1 404 887
1 836 198
1 851 462
1 987 456
1 871 417
1 692 845
1 897 567
1 779 500
1 721 476
1 367 796
1 842 741
1 425 256
1 671 409
1 432 282
1 443 572
1 107 484
1 943 940
1 927 895
1 352 931
1 93 481
1 985 154
1 727 368
1 459 481
1 680 688
1 281 169
1 400 856
1 362 86
1 281 753
1 93 234
1 979 122
1 280 343
1 604 163
1 368 263
1 948 66
1 430 998
1 825 121
1 509 516
1 762 800
1 763 447
1 711 483
1 264 391
1 867 409
1 346 771
1 500 744
1 935 342
1 754 899
1 699 542
1 147 768
1 49 652
1 633 591
1 625 93
1 975 434
1 231 752
1 497 886
1 685 802
1 120 756
1 194 613
1 433 89
1 208 370
1 544 816
1 344 688
1 581 955
1 86 360
1 293 365
1 949 682
1 340 167
1 325 549
1 212 529
1 919 620
1 775 863
1 664 428
1 731 325
1 842 688
1 932 766
1 366 104
1 884 186
1 516 839
1 196 565
1 877 130
1 983 960
1 152 845
1 855 905
1 826 918
1 822 785
1 852 659
1 452 214
1 959 592
1 1000 115
1 253 512
1 549 438
1 808 876
1 291 476
1 989 931
1 828 30
1 543 444
1 459 890
1 721 850
1 187 366
1 400 741
1 312 250
1 263 890
1 313 92
1 478 168
1 50 537
1 165 9
1 988 48
1 830 638
1 485 302
1 354 992
1 960 827
1 415 141
1 682 704
1 528 371
1 297 101
1 475 248
1 974 331
1 493 636
1 558 815
1 660 624
1 377 316
1 785 474
1 812 36
1 391 573
1 519 653
1 137 836
1 976 753
1 512 59
1 425 61
1 728 622
1 367 177
1 987 914
1 525 865
1 105 349
1 305 156
1 159 472
1 998 941
1 362 660
1 698 922
1 671 314
1 938 662
1 880 198
1 597 432
1 764 358
1 901 747
1 303 515
1 413 235
1 550 186
1 146 760
1 265 550
1 522 712
1 53 91
1 297 850
1 133 488
1 247 342
1 821 476
1 112 327
1 192 407
1 99 321
1 309 3
1 135 300
1 601 394
1 177 678
1 53 807
1 711 763
1 455 676
1 784 204
1 80 804
1 431 962
1 566 293
1 949 427
1 652 202
1 603 512
1 538 532
1 455 27
1 844 224
1 72 438
1 382 631
1 158 350
1 800 390
1 26 960
1 949 832
1 28 525
1 282 953
1 94 376
1 807 213
1 891 638
1 853 514
1 333 805
1 890 209
1 902 854
1 864 674
1 387 895
1 194 666
1 578 642
1 394 983
1 679 363
1 464 711
1 924 40
1 348 86
1 248 347
1 481 524
1 318 291
1 835 78
1 726 733
1 646 567
1 247 686
1 262 380
1 547 817
1 82 723
1 142 354
1 943 874
1 934 58
1 696 112
1 762 829
1 375 259
1 338 619
1 833 544
1 908 99
1 328 981
1 373 15
1 677 532
1 737 176
1 60 603
1 364 246
1 427 205
1 953 761
1 834 902
1 625 92
1 946 169
1 147 337
1 384 873
1 343 940
1 429 664
1 310 19
1 331 283
1 442 903
1 115 604
1 99 327
1 819 532
1 586 628
1 359 447
1 167 500
1 350 457
1 775 400
1 694 606
1 835 538
1 1 890
1 58 435
1 482 902
1 310 458
1 783 965
1 935 856
1 405 833
1 460 945
1 695 399
1 980 177
1 465 15
1 306 782
1 115 1000
1 747 213
1 210 391
1 301 372
1 556 379
1 159 464
1 104 454
1 261 545
1 474 519
1 211 430
1 347 78
1 485 517
1 833 613
1 658 435
1 349 267
1 734 122
1 403 686
1 376 24
1 564 152
1 788 141
1 234 411
1 818 811
1 676 197
1 904 582
1 398 895
1 591 303
1 542 494
1 329 627
1 174 315
1 341 706
1 468 91
1 843 108
1 814 32
1 471 706
1 441 5
1 312 273
1 686 295
1 425 827
1 50 356
1 552 891
1 379 611
1 398 743
1 623 971
1 400 138
1 426 34
1 236 787
1 428 848
1 674 414
1 451 265
1 651 124
1 355 188
1 253 863
1 460 447
1 509 39
1 688 630
1 956 931
1 539 940
1 958 727
1 652 761
1 238 859
1 92 1000
1 396 981
1 326 959
1 30 954
1 869 344
1 74 361
1 962 309
1 927 624
1 943 560
1 808 713
1 865 161
1 263 417
1 942 111
1 373 196
1 659 996
1 327 777
1 434 63
1 356 278
1 816 636
1 220 305
1 326 643
1 413 848
1 989 576
1 593 863
1 379 334
1 304 16
1 415 374
1 345 486
1 328 971
1 294 546
1 846 320
1 492 176
1 102 651
1 884 529
1 302 66
1 835 175
1 861 307
1 380 75
1 490 947
1 847 451
1 234 755
1 682 417
1 378 20
1 51 625
1 464 991
1 214 399
1 43 397
1 228 961
1 719 570
1 497 280
1 294 201
1 16 550
1 588 407
1 392 36
1 853 623
1 764 886
1 345 14
1 846 830
1 366 258
1 623 773
1 137 447
1 625 639
1 131 306
1 925 567
1 388 426
1 307 243
1 839 603
1 101 453
1 141 461
1 553 922
1 789 275
1 326 493
1 903 762
1 29 377
1 520 464
1 476 800
1 563 420
1 807 161
1 251 301
1 11 298
1 857 273
1 472 982
1 444 98
1 162 647
1 497 822
1 526 463
1 846 485
1 414 499
1 284 190
1 642 510
1 516 121
1 385 716
1 221 719
1 308 413
1 38 882
1 429 282
1 595 778
1 166 772
1 693 397
1 615 524
1 171 719
1 658 598
1 380 111
1 643 377
1 390 94
1 740 349
1 654 423
1 584 941
1 929 356
1 626 73
1 428 782
1 391 608
1 680 836
1 270 322
1 98 641
1 342 160
1 628 405
1 601 303
1 836 635
1 332 870
1 34 484
1 705 104
1 927 578
1 209 434
1 239 311
1 595 40
1 455 852
1 349 387
1 106 831
1 386 6
1 69 481
1 794 329
1 610 965
1 449 879
1 728 951
1 439 267
1 509 645
1 313 529
1 362 140
1 3 646
1 882 416
1 209 678
1 109 976
1 792 424
1 889 347
1 777 78
1 207 330
1 218 128
1 453 123
1 302 272
1 217 330
1 58 459
1 804 34
1 304 502
1 706 493
1 641 1000
1 348 22
1 603 900
1 496 218
1 534 732
1 756 640
1 434 939
1 566 640
1 325 996
1 593 599
1 137 362
1 435 158
1 864 855
1 396 199
1 480 560
1 300 373
1 58 951
1 24 304
1 378 267
1 403 100
1 406 850
1 421 883
1 728 882
1 992 967
1 310 824
1 531 19
1 299 14
1 611 522
1 953 289
1 397 577
1 934 46
1 871 905
1 742 760
1 118 415
1 21 399
1 949 196
1 823 354
1 715 40
1 958 856
1 389 824
1 426 153
1 291 460
1 927 237
1 354 221
1 802 587
1 76 567
1 26 593
1 371 81
1 569 663
1 318 504
1 507 953
1 201 620
1 187 415
1 924 445
1 845 710
1 388 653
1 30 563
1 9 754
1 561 1000
1 299 724
1 743 390
1 648 384
1 844 697
1 279 548
1 567 527
1 569 567
1 444 982
1 175 442
1 497 419
1 126 920
1 249 996
1 511 597
1 58 900
1 839 869
1 952 164
1 87 825
1 921 169
1 702 604
1 353 892
1 205 271
1 862 343
1 668 645
1 895 304
1 351 59
1 137 393
1 726 655
1 740 585
1 923 461
1 653 387
1 870 461
1 456 973
1 105 316
1 391 653
1 529 348
1 582 680
1 357 363
1 66 817
1 729 198
1 85 478
1 325 281
1 914 854
1 812 446
1 289 420
1 401 171
1 993 830
1 423 698
1 843 234
1 989 557
1 702 217
0 57 868
1 121 254
1 856 373
1 454 907
1 464 63
1 745 47
1 62 748
1 759 390
1 845 40
1 99 452
1 269 875
1 560 391
1 319 946
1 156 628
1 699 496
1 396 971
1 786 358
1 889 412
1 390 950
1 675 603
1 503 949
1 467 582
1 384 243
1 501 319
1 471 290
1 183 498
1 166 773
1 880 285
1 35 572
1 641 828
1 710 676
1 781 765
1 211 158
1 474 318
1 283 380
1 346 591
1 877 971
1 828 11
1 772 859
1 510 521
1 541 366
1 495 673
1 292 911
1 887 633
1 196 285
1 517 476
1 205 674
1 620 854
1 39 212
1 681 765
1 827 771
1 853 300
1 469 122
1 925 689
1 710 885
1 952 271
1 337 79
1 355 724
1 360 691
1 218 884
1 260 421
1 697 438
1 11 805
1 898 523
1 987 148
1 512 57
1 829 826
1 760 371
1 478 36
1 163 299
1 514 104
1 811 158
1 135 332
1 765 947
1 631 420
1 868 921
1 659 353
1 308 635
1 457 104
1 741 748
1 437 271
1 421 108
1 618 646
1 537 686
1 606 122
1 357 224
1 897 356
1 537 221
1 399 896
1 874 338
1 326 32
1 838 414
1 106 642
1 158 881
1 437 178
1 619 475
1 928 674
1 416 248
1 130 407
1 956 728
1 103 321
1 112 734
1 329 97
1 190 321
1 226 490
1 347 810
1 360 867
1 892 355
1 566 209
1 693 126
1 652 517
1 686 207
1 93 421
1 731 239
1 715 77
1 914 876
1 345 903
1 342 901
1 250 307
1 754 680
1 814 596
1 335 543
1 480 658
1 818 571
1 57 494
1 454 181
1 445 706
1 775 409
1 381 900
1 147 295
1 700 864
1 896 540
1 367 670
1 520 374
1 808 250
1 446 544
1 312 520
1 830 274
1 465 251
1 787 669
1 405 296
1 574 197
1 742 311
1 440 640
1 776 378
1 13 642
1 638 787
1 226 126
1 441 85
1 595 339
1 436 935
1 756 111
1 310 294
1 821 414
1 156 322
1 604 392
1 394 641
1 283 312
1 403 332
1 297 213
1 243 768
1 608 472
1 26 949
1 920 507
1 385 968
1 554 754
1 107 494
1 594 157
1 633 419
1 446 90
1 399 340
1 247 512
1 400 164
1 307 627
1 579 425
1 853 743
1 901 851
1 33 777
1 207 603
1 611 765
1 192 959
1 503 408
1 142 868
1 441 128
1 468 940
1 309 852
1 519 36
1 629 156
1 514 515
1 931 532
1 18 865
1 376 54
1 454 138
1 581 860
1 160 969
1 946 209
1 685 806
1 610 456
1 310 49
1 472 988
1 828 542
1 347 385
1 553 114
1 918 108
1 554 868
1 873 367
1 328 475
1 72 649
1 832 885
1 497 893
1 494 175
1 597 340
1 542 718
1 962 850
1 323 918
1 376 156
1 393 439
1 305 268
1 733 725
1 772 413
1 771 739
1 207 321
1 865 319
1 186 759
1 868 293
1 878 214
1 434 101
1 164 396
1 463 268
1 38 410
1 659 934
1 651 253
1 107 246
1 130 600
1 659 115
1 729 131
1 338 403
1 526 535
1 808 873
1 756 947
1 491 909
1 94 345
1 485 45
1 429 326
1 558 896
1 646 734
1 767 407
1 919 374
1 395 600
1 203 813
1 346 41
1 89 459
1 717 403
1 478 56
1 625 152
1 731 243
1 656 636
1 548 661
1 612 217
1 656 375
1 174 696
1 705 229
1 289 914
1 615 904
1 908 510
1 553 841
1 672 580
1 995 505
1 464 312
1 487 54
1 720 352
1 150 642
1 976 192
1 566 604
1 359 867
1 424 986
1 901 472
1 636 297
1 726 375
1 488 665
1 778 748
1 54 845
1 267 537
1 546 654
1 180 807
1 818 313
1 549 684
1 375 14
1 19 474
1 757 569
1 523 449
1 985 324
1 206 442
1 254 621
1 852 830
1 497 81
1 860 608
1 686 596
1 828 192
1 395 285
1 53 608
1 393 463
1 659 557
1 10 437
1 276 473
1 575 436
1 415 720
1 181 231
1 794 734
1 23 922
1 418 293
1 266 955
1 769 621
1 950 227
1 571 720
1 334 418
1 925 556
1 399 701
1 954 86
1 276 969
1 852 393
1 874 902
1 865 887
1 565 419
1 485 803
1 737 132
1 468 525
1 816 714
1 296 974
1 626 224
1 48 494
1 721 635
1 983 333
1 189 934
1 516 599
1 562 869
1 429 133
1 611 828
1 56 313
1 816 955
1 623 10
1 553 837
1 869 945
1 936 599
1 694 353
1 131 807
1 459 300
1 873 457
1 786 204
1 254 872
1 465 56
1 468 590
1 942 274
1 333 275
1 639 930
1 146 623
1 655 99
1 132 479
1 511 275
1 564 80
1 610 952
1 244 848
1 341 775
1 976 793
1 216 579
1 363 923
1 522 439
1 344 489
1 250 497
1 259 440
1 238 480
1 243 674
1 546 963
1 499 747
1 999 309
1 451 627
1 712 624
1 277 361
1 691 699
1 491 931
1 393 799
1 23 328
1 568 395
1 547 363
1 695 615
1 825 157
1 909 430
1 401 488
1 320 133
1 259 705
1 568 321
1 631 404
1 141 843
1 309 81
1 527 804
1 330 155
1 369 70
1 314 88
1 663 924
1 675 864
1 36 377
1 698 567
1 797 298
1 457 695
1 482 729
1 96 879
1 550 132
1 945 760
1 481 650
1 566 591
1 153 842
1 82 500
1 633 275
1 487 757
1 263 428
1 229 412
1 772 784
1 423 223
1 92 371
1 392 82
1 397 609
1 164 346
1 338 357
1 299 123
1 527 760
1 156 787
1 750 556
1 327 80
1 872 237
1 688 578
1 859 203
1 959 199
1 494 15
1 677 966
1 760 297
1 603 245
1 419 78
1 494 615
1 845 42
1 132 374
1 386 669
1 678 557
1 479 68
1 96 574
1 669 655
1 957 445
1 332 120
1 956 149
1 423 112
1 883 276
1 971 827
1 411 340
1 269 454
1 772 865
1 155 8
1 868 992
1 445 916
1 347 248
1 908 109
1 877 710
1 375 744
1 403 37
1 352 86
1 535 90
1 848 927
1 968 427
1 775 750
1 684 308
1 990 18
1 917 731
1 16 777
1 369 538
1 278 613
1 75 355
1 795 920
1 335 653
1 930 977
1 466 786
1 711 259
1 204 532
1 597 92
1 128 619
1 778 82
1 317 663
1 317 997
1 263 473
1 349 105
1 998 302
1 311 425
1 686 434
1 307 527
1 333 481
1 896 91
1 768 455
1 500 890
1 631 666
1 958 982
1 130 366
1 110 312
1 961 307
1 603 621
1 267 500
1 701 868
1 734 553
1 853 933
1 530 760
1 954 850
1 141 470
1 57 752
1 960 760
1 545 837
1 778 354
1 954 981
1 709 700
1 141 724
1 381 821
1 893 1000
1 146 331
1 541 470
1 993 546
1 516 509
1 13 797
1 429 9
1 92 386
1 400 892
1 785 816
1 933 341
1 247 830
1 284 499
1 483 703
1 843 330
1 517 748
1 994 806
1 729 386
1 558 138
1 15 364
1 813 347
1 775 839
1 430 128
1 727 683
1 426 179
1 962 806
1 743 269
1 837 562
1 211 444
1 458 570
1 394 128
1 953 878
1 22 584
1 668 395
1 488 674
1 650 475
1 244 321
1 659 17
1 327 126
1 398 786
1 702 259
1 997 875
1 508 322
1 737 161
1 485 963
1 48 441
1 889 336
1 583 961
1 314 763
1 854 314
1 259 863
1 832 925
1 159 702
1 808 118
1 242 974
1 182 943
1 450 793
1 538 548
1 756 143
1 522 850
1 355 828
1 982 489
1 426 746
1 872 732
1 462 275
1 615 991
1 372 826
1 450 228
1 767 525
1 771 135
1 548 473
1 59 542
1 458 685
1 461 353
1 11 484
1 474 683
1 551 450
1 413 95
1 97 499
1 526 984
1 427 108
1 646 76
1 425 743
1 193 12
1 629 120
1 735 379
1 222 832
1 903 928
1 37 636
1 878 688
1 230 323
1 713 443
1 984 697
1 755 320
1 599 687
1 495 234
1 174 155
1 789 7
1 309 761
1 731 971
1 114 959
1 119 882
1 52 785
1 458 697
1 473 154
1 425 882
1 969 678
1 411 452
1 990 713
1 670 862
1 393 105
1 709 395
1 912 355
1 321 781
1 719 520
1 87 453
1 582 204
1 961 27
1 816 872
1 811 65
1 244 342
1 639 751
1 505 920
1 108 453
1 662 403
1 442 593
1 948 390
1 871 297
1 649 593
1 65 380
1 156 341
1 829 200
1 371 164
1 20 444
1 1000 471
1 232 476
1 454 506
1 314 245
1 925 639
1 386 76
1 335 392
1 407 647
1 158 747
1 785 697
1 149 523
1 16 321
1 824 562
1 630 404
1 464 70
1 715 621
1 192 359
1 302 260
1 421 112
1 762 107
1 644 246
1 173 521
1 358 513
1 574 772
1 556 883
1 859 797
1 539 353
1 604 186
1 475 808
1 940 797
1 310 473
1 204 433
1 882 691
1 340 901
1 954 725
1 775 981
1 5 883
1 781 877
1 426 129
1 738 245
1 412 917
1 199 955
1 122 639
1 899 916
1 437 136
1 354 231
1 748 307
1 291 372
1 182 107
1 188 325
1 980 821
1 325 791
1 533 557
1 734 374
1 55 136
1 986 758
1 392 256
1 204 550
1 355 122
1 186 324
1 279 358
1 21 667
1 870 753
1 299 853
1 341 768
1 272 922
1 221 27
1 958 829
1 932 384
1 848 361
1 655 142
1 404 871
1 297 367
1 759 472
1 518 546
1 238 806
1 323 377
1 44 607
1 452 638
1 268 323
1 227 299
1 596 943
1 285 302
1 469 126
1 492 218
1 790 544
1 545 391
1 960 900
1 271 702
1 267 202
1 898 240
1 386 839
1 631 5
1 193 215
1 673 777
1 509 410
1 17 569
1 929 756
1 808 803
1 221 164
1 944 845
1 90 335
1 586 314
1 372 646
1 728 208
1 87 569
1 918 446
1 999 490
1 931 456
1 145 727
1 197 752
1 521 470
1 707 763
1 908 881
1 519 403
1 506 404
1 145 859
1 784 840
1 753 518
1 180 642
1 248 911
1 137 424
1 753 706
1 243 606
1 120 444
1 244 472
1 685 101
1 444 340
1 865 643
1 771 782
1 415 600
1 348 105
1 34 401
1 981 812
1 537 572
1 944 845
1 47 349
1 633 244
1 750 357
