1000 1000
151 168
616 536
790 598
202 85
130 739
966 425
824 465
934 561
906 372
436 319
264 550
398 631
522 307
46 580
378 741
273 476
64 553
908 629
804 879
416 338
277 628
57 927
38 788
185 267
515 603
380 816
669 26
908 827
449 770
251 663
931 155
751 45
769 834
167 134
587 342
989 587
712 989
387 668
470 978
117 894
871 510
965 439
493 993
78 348
845 248
952 922
965 578
599 145
259 914
102 721
3 585
951 313
104 326
786 490
268 402
217 388
997 935
792 449
322 441
522 632
650 763
673 234
980 596
161 139
272 299
418 955
976 915
50 858
460 201
10 520
292 107
826 566
119 906
805 903
969 805
869 862
355 435
669 146
655 597
941 21
223 19
745 495
836 298
545 724
305 948
640 913
767 607
897 76
929 824
905 65
742 543
513 748
681 181
129 563
655 176
227 615
728 227
997 616
415 360
36 78
940 942
675 259
945 577
451 380
344 937
399 462
97 14
714 706
691 714
144 801
128 504
91 620
786 605
163 87
295 312
573 917
242 626
387 518
223 12
958 758
488 24
373 197
549 27
84 114
723 818
823 80
190 823
807 69
799 807
938 799
873 938
911 873
376 8
672 269
693 576
698 164
551 698
202 551
4 555
131 273
998 592
776 964
29 902
323 350
802 177
247 836
431 602
59 431
483 59
998 483
156 998
877 779
256 892
692 473
919 960
617 98
142 47
84 399
499 835
599 533
100 957
608 189
91 608
956 166
77 498
79 829
910 180
959 624
855 49
159 855
236 746
812 634
885 33
11 930
494 893
740 912
640 354
169 538
651 458
321 34
320 810
219 67
383 219
262 283
747 262
907 747
983 907
300 983
447 421
745 640
707 678
654 1
186 229
491 976
497 822
272 250
445 272
376 41
284 376
204 703
407 951
743 451
783 196
192 288
547 362
934 547
635 9
675 395
635 675
93 230
657 233
932 657
335 932
540 756
464 899
156 945
791 330
321 446
639 321
325 677
344 411
302 344
278 170
606 278
81 148
789 81
642 789
432 642
958 486
154 958
974 154
506 649
474 933
528 474
775 715
409 315
529 954
252 10
20 851
549 276
672 294
183 672
22 113
895 364
249 158
104 546
172 104
73 172
280 279
270 263
340 438
738 156
970 738
880 970
757 744
579 16
586 874
610 194
325 610
414 400
277 124
843 277
339 410
303 282
636 182
4 122
991 4
783 650
125 89
207 904
947 733
760 169
868 492
440 366
679 658
488 886
207 488
708 195
300 708
191 781
251 200
905 251
881 523
371 100
143 121
375 143
239 860
242 119
223 242
850 409
460 850
869 460
407 311
609 407
243 609
723 243
387 723
665 387
266 55
701 266
528 701
988 528
135 988
442 838
797 442
499 193
316 125
218 371
337 74
828 211
423 828
30 437
44 712
185 820
713 42
384 5
325 743
590 853
519 882
99 357
115 99
604 302
167 235
91 606
64 548
214 430
545 66
309 707
676 167
844 676
280 774
240 22
556 240
575 556
719 888
206 719
693 289
647 391
883 260
898 883
38 491
891 38
223 384
530 934
690 931
995 369
992 995
199 786
540 544
924 540
232 924
6 232
679 999
295 679
865 295
808 559
881 808
557 711
688 557
780 648
766 572
178 766
482 775
174 690
692 261
599 692
190 599
622 991
88 622
190 103
773 190
36 252
292 639
515 292
489 515
857 742
217 60
137 470
54 205
434 831
966 493
847 966
560 507
802 560
494 802
979 494
600 751
638 51
255 638
979 255
670 979
110 472
72 365
872 72
693 872
683 356
275 630
390 218
771 378
368 293
941 368
317 505
183 664
244 385
841 244
15 489
477 645
151 106
291 405
249 291
745 537
412 947
337 412
452 508
718 245
221 142
525 911
185 525
532 185
944 285
950 944
163 837
512 716
881 512
343 881
191 31
982 323
102 249
803 102
373 509
644 373
618 797
549 618
813 468
662 813
418 433
206 591
717 811
184 717
203 570
153 203
636 46
264 636
179 264
96 179
752 655
785 752
239 133
877 239
429 965
524 581
889 524
70 778
314 833
224 314
375 665
191 375
117 191
682 117
728 682
192 728
866 192
844 123
448 697
130 161
381 130
812 401
575 812
522 710
32 928
231 32
57 231
832 815
516 817
849 516
867 849
198 286
497 198
501 588
95 865
573 95
398 667
909 398
404 909
265 404
88 265
463 88
128 463
700 341
612 604
118 612
683 586
652 656
623 652
771 623
541 771
481 174
996 569
986 804
318 986
737 777
358 108
990 919
568 549
916 568
221 702
271 340
397 725
987 131
416 987
681 7
687 681
794 687
92 794
271 111
475 271
564 475
207 564
539 207
729 539
436 686
666 127
141 666
150 684
408 150
82 408
222 857
35 222
910 70
565 910
699 565
204 699
86 204
842 843
418 842
845 526
274 845
584 844
173 584
484 173
981 734
186 94
464 905
92 445
448 92
220 448
13 220
847 755
916 377
764 830
890 562
731 890
381 153
120 381
693 217
11 454
852 79
318 68
529 318
839 759
973 595
199 973
129 48
870 129
63 459
418 946
847 418
140 847
875 140
590 769
183 590
355 257
443 918
461 443
997 461
216 522
406 535
237 406
787 390
44 787
415 44
521 709
274 521
110 91
297 110
793 297
280 793
268 280
77 355
704 77
674 704
345 674
647 345
359 625
50 359
673 50
210 673
415 210
814 415
238 136
680 984
482 680
735 482
450 735
61 450
772 61
506 772
2 506
792 2
662 171
750 662
898 750
567 898
600 238
730 600
897 730
413 897
792 871
327 367
57 327
646 226
478 646
745 478
253 745
900 414
284 900
396 284
621 396
253 621
485 223
614 921
300 614
469 300
558 469
688 558
188 83
859 188
199 859
854 212
274 854
619 484
303 619
452 617
209 452
339 137
331 685
627 331
531 627
889 531
806 467
434 806
329 434
821 228
660 821
320 660
247 320
765 247
848 765
477 175
866 93
37 866
567 37
258 567
20 316
36 186
552 36
925 552
891 346
889 891
144 889
796 159
126 796
962 982
633 447
335 633
695 335
370 695
653 370
258 28
440 258
846 374
571 97
303 571
216 303
394 216
183 949
290 138
152 290
880 152
861 880
784 861
35 784
977 35
574 977
309 574
363 309
13 729
637 13
517 637
530 517
782 530
962 782
545 962
929 545
157 783
996 157
670 996
455 670
52 573
241 52
936 241
162 225
700 162
477 700
71 96
961 112
841 795
6 841
950 6
224 950
75 224
268 75
281 268
480 669
471 480
780 471
416 780
579 416
832 579
635 832
215 635
653 237
457 653
322 457
444 740
941 444
333 941
589 333
696 589
689 696
878 689
246 878
275 246
876 275
554 876
221 343
959 221
819 959
760 819
361 760
351 361
940 761
554 583
426 554
209 426
455 209
514 939
981 611
776 981
317 397
58 513
306 58
502 306
846 923
688 846
477 895
971 477
363 971
500 363
56 500
654 56
967 654
575 749
869 575
301 869
764 301
310 764
968 310
757 53
852 757
71 852
800 71
613 800
187 64
803 187
997 803
994 997
840 688
856 202
967 856
582 967
737 118
199 737
487 199
776 487
840 776
214 840
308 423
453 308
694 453
20 694
863 20
256 383
532 256
963 532
497 963
943 464
519 287
720 519
594 720
929 594
379 929
809 379
481 809
956 481
718 974
403 659
358 403
990 358
304 990
485 352
393 485
184 393
23 184
429 23
17 429
105 17
980 105
73 980
736 908
116 736
926 116
705 926
671 705
141 671
731 141
84 305
351 84
644 351
30 644
40 541
206 40
613 206
63 613
394 63
39 394
332 39
420 332
496 420
726 496
208 726
768 208
691 768
936 691
953 936
296 718
601 296
901 601
529 901
527 529
15 863
713 15
149 713
349 149
969 57
961 969
147 135
916 147
542 916
440 542
163 440
497 163
337 497
791 337
214 791
727 214
455 727
144 455
236 144
466 236
18 731
514 18
826 514
349 826
353 349
762 353
274 762
767 661
254 767
502 254
253 502
953 253
753 953
534 753
11 534
324 11
885 324
274 885
972 274
961 972
347 961
322 641
424 322
304 424
417 86
877 417
867 877
864 920
317 864
479 317
825 389
73 825
101 73
339 101
422 339
985 422
952 985
436 952
132 436
503 3
382 503
270 382
940 270
798 940
651 798
25 582
329 25
466 329
109 466
386 413
887 754
334 887
925 334
683 925
527 683
304 527
839 304
151 839
213 151
848 213
790 848
160 790
975 160
120 975
165 120
456 165
943 456
884 943
896 884
593 896
82 126
419 82
499 419
62 499
647 62
128 647
427 128
814 427
90 814
593 90
115 593
281 115
183 281
132 183
392 132
651 392
479 651
428 479
868 968
693 868
722 693
870 722
792 870
109 792
875 109
178 875
732 178
328 732
325 328
1000 325
386 1000
432 386
43 432
994 43
215 994
501 215
29 501
785 29
336 785
511 336
54 511
347 54
428 347
643 428
992 643
867 992
773 867
30 773
30 956
1 409
2 601
2 860
2 14
1 379
2 206
2 266
2 313
2 905
2 883
2 304
1 686
2 516
2 170
1 642
2 407
2 809
2 710
2 894
2 906
2 103
1 552
2 199
2 23
1 170
1 180
2 290
1 242
2 320
1 316
1 995
1 376
2 776
2 284
1 866
1 20
1 124
2 875
2 264
1 962
2 505
2 955
2 993
1 425
1 32
1 880
1 152
1 64
1 274
2 977
2 772
1 546
1 502
2 654
1 740
1 945
1 594
1 840
2 471
1 605
2 999
1 421
1 947
1 274
2 32
1 3
2 166
2 903
2 154
2 63
1 771
2 115
1 395
1 259
2 111
1 89
1 335
2 400
1 261
1 329
2 737
2 869
1 826
2 692
2 553
1 964
1 627
2 467
2 517
2 456
2 94
1 67
1 584
2 370
2 280
2 108
2 350
2 535
1 869
1 631
1 823
2 384
2 702
1 718
2 655
2 213
1 398
1 449
2 535
1 470
2 464
2 693
2 152
2 865
2 206
2 420
2 59
2 330
1 620
2 606
2 394
2 678
2 156
2 6
1 904
1 232
1 931
1 989
1 938
1 965
2 40
1 83
2 424
2 645
2 629
2 494
2 228
1 787
1 43
1 1
1 138
1 98
2 718
2 969
2 797
1 504
2 607
1 959
1 471
1 442
2 762
2 443
1 318
1 156
2 114
1 785
1 214
1 530
1 928
1 227
1 955
2 197
2 799
2 501
1 98
1 547
1 463
2 369
1 845
1 862
2 707
1 985
2 533
2 626
1 348
1 244
1 982
2 39
1 368
1 15
1 876
2 256
1 670
2 323
1 900
2 726
1 624
2 925
2 62
1 55
1 942
2 223
1 639
2 818
1 979
1 370
2 793
2 940
1 360
1 243
2 233
1 801
2 589
1 641
2 356
1 617
1 534
2 864
2 93
1 637
1 200
2 283
2 567
1 438
2 430
2 667
1 162
2 133
2 21
1 748
2 368
1 817
1 927
1 895
2 744
2 307
2 70
1 459
1 320
2 459
2 630
2 130
2 95
2 699
1 884
1 896
2 813
1 499
1 403
1 409
1 752
1 476
2 574
1 485
1 759
1 875
1 899
2 823
2 951
1 996
2 37
2 987
1 333
2 434
1 829
2 502
2 309
1 704
1 235
2 79
1 51
1 935
1 864
1 236
2 659
1 509
2 662
1 468
2 285
1 860
1 185
1 495
2 439
1 811
2 691
1 651
2 888
1 847
1 392
1 111
2 675
2 304
2 447
2 997
2 723
2 942
2 147
2 967
2 530
1 261
2 350
1 640
2 301
1 406
1 104
1 482
2 657
1 164
1 582
1 480
1 939
2 94
2 319
1 97
1 318
1 549
2 556
2 895
1 437
2 477
1 819
1 62
1 91
2 244
2 109
1 846
1 324
1 562
2 135
2 912
2 550
2 677
2 542
1 49
1 719
1 395
2 231
1 627
2 514
1 562
1 683
1 87
2 563
2 21
1 904
1 389
2 556
1 521
1 575
1 123
1 172
1 137
2 17
2 663
1 948
2 108
1 716
1 549
2 321
2 97
1 999
2 844
1 471
1 551
2 93
2 996
2 783
1 7
2 199
1 836
2 707
2 256
1 966
2 490
1 567
2 440
1 602
2 384
1 337
2 456
2 886
2 714
2 489
1 563
1 759
1 578
1 633
2 104
2 29
2 231
2 279
2 699
1 100
2 410
1 437
1 749
1 145
1 684
2 241
1 380
2 240
2 702
1 402
2 332
1 450
2 594
1 380
1 61
1 241
2 647
2 833
1 410
1 718
2 861
2 651
2 905
1 17
2 877
1 474
2 838
1 906
1 670
2 374
1 966
2 358
1 335
2 442
1 950
1 227
1 845
2 344
2 939
1 389
1 514
1 492
2 519
1 282
2 76
2 500
2 127
1 990
2 585
1 215
2 502
1 976
1 510
2 272
2 885
1 340
1 610
2 27
2 201
2 288
1 721
2 1000
2 607
2 896
2 287
1 550
2 492
1 984
1 985
1 534
1 342
1 788
2 91
1 389
2 504
1 807
1 830
2 188
1 87
1 16
2 545
2 813
2 503
1 755
1 257
1 197
2 980
2 51
1 14
1 505
2 498
1 900
2 26
2 332
2 893
1 113
2 309
2 55
2 332
1 132
2 780
1 889
1 608
1 529
2 750
2 969
1 898
1 103
2 63
1 986
1 417
1 544
1 355
1 535
1 263
1 877
2 902
2 935
2 89
1 847
2 317
1 381
1 455
2 156
1 202
1 229
2 900
2 437
1 368
1 810
2 952
2 518
2 621
1 578
2 806
1 383
2 386
2 481
2 71
2 638
1 40
1 820
1 466
2 877
2 7
1 19
2 670
2 406
2 527
2 248
2 780
1 296
2 552
1 884
2 949
2 695
1 180
2 385
2 976
1 514
2 228
1 294
2 855
1 654
2 812
1 415
1 723
1 852
1 687
1 649
1 548
1 129
2 218
2 430
1 926
2 852
2 203
1 697
2 77
1 260
1 855
1 16
2 122
1 152
2 265
2 523
1 485
2 192
1 185
1 258
2 34
1 740
2 880
1 978
2 664
2 117
1 626
2 881
2 301
1 977
1 577
2 461
2 616
1 449
1 83
2 981
1 907
1 265
1 949
1 409
2 492
1 156
1 37
1 980
1 516
2 684
2 42
1 503
2 692
2 732
1 385
1 603
2 551
1 236
2 223
2 201
2 397
1 603
1 577
2 406
2 382
2 784
1 574
1 820
1 3
1 553
2 174
2 513
1 755
1 369
2 781
2 380
2 795
2 907
1 132
2 621
2 857
1 281
2 629
2 45
1 100
1 763
2 182
2 303
1 30
2 563
2 934
2 681
1 291
1 513
2 592
1 236
2 958
1 656
2 210
1 34
2 387
2 545
1 930
2 689
2 187
1 318
2 6
1 445
2 750
1 531
1 837
2 403
1 643
2 461
2 10
2 973
2 829
2 859
2 372
1 218
2 548
2 195
1 550
1 386
1 592
2 452
1 422
2 347
1 908
2 384
1 959
1 668
1 128
1 61
1 901
1 79
1 780
2 815
2 739
2 566
2 470
1 36
1 804
2 216
1 938
1 574
2 310
1 366
1 658
2 58
1 956
2 112
2 325
1 420
2 28
1 862
1 132
2 701
2 442
1 899
2 80
1 412
2 774
2 800
1 790
2 19
2 7
2 373
1 719
2 425
2 588
1 376
2 876
1 563
1 276
1 977
1 156
2 908
2 297
1 954
2 700
1 817
1 855
2 841
1 13
2 474
2 101
1 352
1 325
2 968
2 980
1 541
2 109
2 375
2 341
2 687
1 917
2 899
1 655
1 178
1 274
1 979
2 413
2 473
1 771
1 443
2 687
2 480
1 325
2 5
2 427
1 440
1 890
1 778
1 34
2 189
2 218
2 585
2 92
2 39
2 207
1 708
2 692
1 626
2 114
1 597
2 547
2 368
1 374
1 595
1 146
1 768
2 305
2 376
2 843
1 838
2 778
2 986
1 305
2 827
1 695
1 134
1 935
1 998
2 234
1 669
1 185
2 997
1 189
2 819
2 704
1 506
1 691
2 584
1 954
2 921
1 280
1 725
2 652
1 431
2 906
2 79
1 770
1 535
2 955
1 873
2 412
1 317
2 151
1 628
2 6
1 426
2 960
2 122
2 773
1 864
1 129
1 103
1 624
1 322
1 156
1 407
1 847
2 90
2 901
1 296
2 439
2 558
1 455
2 668
2 351
1 251
2 576
1 881
2 670
1 238
2 984
2 406
1 89
2 82
2 101
2 197
1 360
2 770
1 458
2 516
2 824
1 32
1 459
2 777
1 57
1 243
2 197
2 366
1 826
2 840
1 70
1 644
1 111
2 485
2 863
2 408
2 140
2 94
2 251
1 628
1 548
2 549
1 557
1 147
2 954
1 119
1 243
2 920
2 907
1 568
2 319
2 259
2 268
1 295
2 507
2 741
1 743
2 10
2 364
2 783
1 970
2 448
2 271
2 617
2 515
2 834
1 194
2 435
1 470
2 845
1 739
2 883
1 974
1 98
2 606
2 10
1 63
2 803
1 932
2 501
2 351
2 607
2 914
1 401
1 241
2 622
1 360
1 834
1 323
2 347
1 638
1 618
1 223
2 203
1 554
2 582
1 834
1 320
2 514
1 327
1 204
1 646
2 15
1 789
2 908
1 696
2 405
1 848
1 730
2 386
2 206
2 931
1 187
1 210
2 808
2 755
2 370
1 30
2 177
2 851
1 43
2 62
1 775
1 159
2 245
1 966
1 179
2 40
1 518
2 181
2 503
1 285
1 671
2 560
2 89
2 334
2 720
2 736
1 604
1 256
2 94
1 846
2 505
2 123
1 987
1 514
2 157
2 6
1 362
2 725
1 508
2 99
2 770
1 760
1 185
1 618
1 787
1 559
1 965
2 340
2 129
1 206
1 859
1 829
2 433
