800 1000 1000 419040204
450 336 311359365
138 686 216608382
345 502 42917154
168 515 805126442
634 701 770331029
425 688 924245696
734 659 795432613
715 442 928806530
538 42 988478701
658 260 941014925
68 711 273662187
39 1 330597950
445 789 147316275
706 441 300916778
782 588 218784648
524 191 390865262
440 380 553568493
759 529 1073706573
753 197 94592323
633 63 111862771
122 734 498305125
767 209 181819144
92 264 725504429
422 200 588483016
202 736 1044890252
454 366 162882340
520 693 776454563
634 350 562671804
261 102 100542838
159 33 973793282
589 447 830401219
752 184 58496701
265 468 124644348
657 761 52283022
754 222 971644485
396 421 678238128
603 634 328103128
30 452 519223553
360 544 348439121
128 169 457066907
459 738 433970682
547 294 398475174
450 112 380579561
110 83 612907448
656 492 428796826
703 50 1073109812
495 71 938069584
800 532 635958651
425 157 965640604
667 774 995698848
436 401 176700881
35 200 532683739
687 119 886304908
791 282 523336569
276 473 423062722
98 657 472621045
192 74 325319684
610 191 823551223
42 690 275953374
356 252 234272177
737 294 179177527
99 44 818643897
549 137 949871580
297 284 1066781398
340 91 799500270
548 545 811386112
486 244 326189402
475 185 39947018
709 350 64308592
375 90 881976545
436 152 542085263
370 273 572004299
552 104 215098182
648 515 254629719
523 463 1066354188
529 759 645899888
427 30 644781567
157 159 1030239613
108 410 20669780
180 358 27201365
248 150 450794016
159 598 542809244
611 667 184602817
654 595 333090936
710 23 895606664
282 201 1027316913
265 47 264606037
251 40 760641761
132 782 930257143
205 540 947930610
702 614 1062042093
786 523 293363959
570 44 935737631
574 328 818294498
357 520 247742032
385 465 208652715
409 784 558874261
595 472 845543619
117 303 489139409
647 451 272692628
699 255 956661793
228 659 145779248
652 454 191648537
540 224 265904209
389 730 156265232
562 4 668272071
421 605 605844048
798 681 456841495
6 633 490346310
74 642 812242467
655 441 432688801
74 530 745903488
156 738 501332429
91 173 958030637
231 96 288760318
353 332 90344590
22 393 870855290
397 590 662438844
148 366 95473401
139 84 967353608
741 647 688026736
298 237 979519696
572 710 194931811
673 296 461694610
481 433 660535595
80 393 779724550
214 474 565283854
4 347 654744634
770 403 804060709
184 576 696171244
750 721 351987269
203 279 438170186
411 107 487272365
367 625 770896918
453 45 579018156
713 693 239360683
557 714 1028734692
619 301 759100616
378 638 833881848
281 565 624202423
203 90 731358740
89 385 698942325
557 716 970273683
288 14 378127864
700 719 477542958
515 670 889272062
388 173 455293221
306 210 883994429
523 457 842390536
33 339 808672013
526 719 767948646
744 565 917021038
505 82 288318423
142 301 267684770
580 257 590810771
727 290 1014207790
542 645 213045315
695 390 863764651
178 725 638460254
151 80 198588828
168 462 45816491
790 149 696433240
299 528 21836041
602 462 923038292
223 629 637523730
165 606 898246401
583 245 730045140
719 175 150819331
364 54 528732232
681 407 1059812020
138 317 542775836
483 650 409083718
476 343 895677260
524 133 758852635
505 576 1066272298
519 234 954799381
453 677 602993950
275 493 40119160
123 702 735981340
438 102 1052415440
61 306 141342328
1 101 5460462
198 462 89316142
315 111 51910752
794 256 841855888
119 259 803202603
608 579 143385625
714 640 386471543
372 658 1022470709
454 729 321129464
794 329 765842838
414 524 250103252
304 251 263314576
316 539 769090511
730 678 15773335
287 576 136679282
429 564 882046029
533 246 529246179
133 375 668308814
92 576 907533874
284 749 310774282
730 524 327672385
479 539 406721706
385 337 39240523
554 388 109169504
677 567 480434478
793 759 1030253857
254 624 567216771
276 30 912332968
362 81 760741246
470 474 301580234
594 378 274467214
657 486 621796763
557 354 170003877
86 64 880817914
92 240 341517677
698 7 1069455613
26 691 739729439
488 580 789806466
789 645 815451977
234 80 901874612
69 402 561102894
54 337 365594500
142 645 386530625
462 738 535234336
189 598 652936693
758 399 112793321
241 93 446202269
554 596 70273770
486 553 302479100
320 336 669598692
419 617 495078267
483 338 969075173
630 783 730022181
83 224 344255670
568 709 5781379
537 480 702585899
344 675 699276332
426 139 560367228
255 765 626680927
249 185 790005279
3 786 272268230
130 292 505849112
386 788 290613741
412 775 607886642
632 280 345746082
279 306 176924283
513 151 1006037367
310 301 148347743
346 61 343818964
545 754 576337558
763 54 838874566
123 401 859620910
481 75 16613554
261 484 40059628
434 500 527631802
12 515 539386679
130 147 417080140
498 241 801467552
502 385 820345195
186 2 824502354
53 671 824381141
107 52 834780585
433 640 458806252
795 397 1023917701
379 402 380917122
84 387 952227453
758 687 319040318
47 627 305474844
375 377 783066610
83 693 556335925
580 794 900084265
341 272 368338979
449 450 340410767
674 439 338276001
2 168 533381523
375 636 659502728
242 720 923017521
599 546 237204095
436 691 942604253
254 124 913793074
315 248 570481811
323 321 919096770
712 175 835380420
41 690 488001298
55 578 753794214
231 75 57773334
751 376 136162505
169 161 439313165
794 506 892512689
378 171 476903136
230 12 486476196
418 590 547805775
156 366 988903499
622 688 584351120
608 764 196838200
553 768 838330894
82 45 627573441
576 727 123030736
54 247 245084877
433 71 675651724
404 637 5290627
591 664 1054803742
645 797 955560450
14 192 693063532
601 721 518947451
451 745 280096197
321 724 542990517
134 341 590749690
798 567 831784056
140 272 45827147
381 410 312195837
596 593 631546513
465 21 481834909
178 186 510623456
671 645 20177122
218 531 604370801
742 319 295904719
783 240 733264182
721 595 391882935
452 385 346096941
498 185 211004162
374 548 659037624
203 622 1059065062
308 674 117246634
763 508 20673449
711 290 218618559
166 385 44795113
644 34 281597855
459 544 977273635
601 124 627123080
80 268 773106486
629 443 868393948
281 171 860149128
494 691 58795607
781 775 133757678
771 373 539168513
440 549 417942569
75 498 842262033
797 665 672876009
623 576 859549786
295 443 785257171
277 33 195216339
111 262 766824684
368 224 700621371
423 477 1049597232
176 614 418251794
630 215 289665631
393 775 189163860
557 654 333400033
334 341 518364935
645 443 647876462
126 122 1050014807
336 689 336954515
216 377 647750900
272 60 979072382
442 407 985848318
512 514 488302990
103 67 321844460
798 12 234255961
768 344 289531266
482 66 370345604
691 60 205694295
636 645 320902360
758 103 602888702
302 335 943989826
513 152 796298646
176 194 690847118
479 287 930665011
489 386 881770167
87 24 261852178
401 252 890596647
595 215 1070487933
217 764 1062848594
246 24 873465401
575 557 336258944
623 721 346939646
448 740 555120800
166 770 875167990
335 259 743965159
567 781 77457669
183 472 554448705
442 446 672241676
36 177 861298942
742 168 1055612598
257 474 994069964
310 118 1058752506
581 406 786261705
307 323 535126979
731 588 838198598
148 630 8058741
73 738 415379656
646 705 263127742
135 240 1034485048
631 596 749574063
771 712 1063977251
213 501 1000905777
550 476 969040127
655 265 757170423
458 23 466678721
610 580 868670032
156 666 770201630
618 549 399846555
277 14 1057466555
520 210 564841349
419 177 78763739
709 541 795118076
584 699 598248620
187 688 650148370
287 743 27073237
429 585 469987688
774 603 984493915
779 370 886899213
520 237 548103359
721 115 964901633
395 582 538926024
336 68 437882834
570 533 420367076
291 224 21676473
401 193 1052034461
648 316 1028430384
235 37 636882963
533 467 664984637
125 189 533692027
168 242 291748397
329 184 987506431
178 275 637252769
86 669 954121262
601 392 820355420
655 572 594060075
371 772 455562755
744 231 764062075
192 714 431238700
382 397 1042014602
438 227 495600273
346 743 264165238
498 142 1057335165
239 504 417219463
118 689 996035659
647 533 992075440
180 678 636547308
608 49 759149623
723 663 336422454
89 617 13771216
3 220 671168966
503 186 477501527
732 367 713038597
626 453 856105861
122 488 401270523
563 762 652758821
28 149 10031388
380 124 854706334
425 205 598812024
371 246 592532117
148 651 680836547
520 143 693803643
641 625 1022587785
396 186 987344223
29 296 584225062
762 290 33797745
572 204 942288882
13 316 730466398
241 102 313557311
484 393 74402922
57 674 676492342
303 376 898158761
177 517 382689871
707 165 945196247
28 1 8984460
538 348 654489378
137 23 830783422
392 645 675006461
579 570 776184688
226 449 1016191662
354 720 820381448
623 332 805329029
119 474 767707043
194 491 318456259
728 759 1071134729
160 4 677357424
512 484 923908021
774 192 601326516
463 403 482553296
182 110 442539235
724 592 710066459
319 611 703494880
453 331 273729327
440 73 711813160
387 491 761271326
794 260 546398890
655 682 868512975
771 56 363109868
573 267 956618
592 447 895471273
587 107 1056666237
643 110 274613007
351 225 722614210
37 361 1002823400
175 341 267671469
516 433 592144873
244 629 350085540
488 138 859951644
106 490 163678368
159 748 917250451
361 705 155938562
13 691 514616516
572 614 982877314
249 206 466292123
309 44 805537308
262 569 747863701
457 535 569976418
314 391 411257214
303 537 576819273
516 159 1028133913
616 2 893265138
419 671 811902421
18 395 868172909
216 143 1064953939
337 414 241876242
70 370 249916428
376 172 687448921
191 1 567549366
310 459 931140638
394 41 950638612
343 353 506533574
779 153 27848197
12 631 637648467
671 678 242122673
29 615 524748029
314 451 1041587488
515 548 1018939710
1 537 389005451
769 118 59366473
212 22 845296204
82 297 361078279
441 54 248451707
324 406 579365199
558 565 663501988
259 313 263115918
72 641 1070051522
78 595 894269816
450 649 371340062
721 640 512021810
302 174 352914423
491 327 683219676
250 586 34444244
618 384 35908870
25 58 465315586
162 475 135322217
188 712 1014707393
149 565 363185399
136 442 693955984
204 367 447704244
471 263 870627571
676 357 61704802
798 422 106076469
509 114 369926238
370 640 1050622782
733 171 919562765
316 401 686986509
701 258 932697603
85 595 723329300
519 487 356709158
588 530 772651170
189 340 813680322
572 752 615319747
591 654 36492388
480 713 1044283776
504 507 794533552
631 428 53412797
70 713 784407089
315 43 859574462
119 702 67170577
168 433 162889619
355 217 994452797
381 321 258588862
390 570 288409616
418 399 119084832
750 687 821499115
291 375 297875702
251 39 744582598
60 592 1030722815
170 730 438915393
339 518 635342162
598 453 722718032
107 682 327723145
611 151 283890269
22 423 879071549
607 380 574382816
55 774 18027322
733 287 741799135
164 663 2238290
744 447 201540192
750 415 639462704
514 167 141712737
793 160 527452073
291 260 752132213
204 227 386476538
539 735 20191627
667 734 537627982
179 371 342500329
493 359 4106041
202 65 169521436
128 44 313290242
606 727 849410422
429 98 915059301
619 27 945156280
129 97 203511187
577 236 521520925
109 554 29796093
485 539 257975251
611 734 897540034
539 122 188925108
324 799 851303797
515 317 118774586
322 111 914416034
639 620 32704430
410 42 849932450
176 99 603989552
236 698 868009134
343 170 853926561
215 41 271212944
539 557 799526628
47 539 885696531
712 742 596924871
203 386 119434399
244 658 193670124
716 224 572473171
8 17 239970122
163 203 59051290
316 122 151706960
189 557 277453107
500 204 11704501
288 226 798156591
309 45 656396631
522 600 460922451
280 462 918693875
784 769 1051844589
72 530 718872619
135 703 273093012
506 337 566513520
334 293 51842289
571 274 697938758
29 765 275776202
3 780 459252232
196 216 359757672
223 672 67970761
260 268 42595425
134 331 666153174
794 622 536410290
240 202 608413985
709 123 438795252
161 612 795639173
682 602 394915678
162 612 317702417
353 441 207473249
284 242 673652903
520 415 377188428
787 29 863824930
158 592 735345344
27 226 529383574
410 14 1059593977
143 773 181289617
337 335 49850104
13 394 143923698
400 442 451358079
76 150 486033228
239 362 647217176
17 409 114086613
223 703 790372158
543 16 835194610
90 276 610178177
174 217 326098902
36 117 72055464
629 6 427388260
721 372 533037543
496 574 162116051
529 221 1003345966
706 529 155547074
146 774 540767119
620 197 694179517
227 13 46553529
777 24 201037439
648 734 964801134
600 242 471498202
319 766 378967772
599 449 572853644
604 137 686495689
659 418 397766347
241 270 460419628
253 465 509176403
730 449 533530472
407 472 843148974
761 98 946537812
421 765 938794966
561 684 329469842
85 255 912748905
429 64 331299482
778 599 291550383
619 394 291486108
464 623 1009800744
577 603 421192420
677 559 436572044
785 158 350924457
323 408 701416930
150 262 143351211
358 176 765172688
707 661 824940839
420 31 889891973
367 654 830099628
223 557 367550913
344 694 536238496
533 86 199376989
517 798 1029084879
658 117 93829303
465 148 598965850
672 572 1022711473
571 757 360454441
593 439 694244449
514 207 1008270466
134 398 945746472
436 733 50161409
342 598 590926183
449 194 470402749
184 155 581541501
736 50 17783587
784 323 526490216
119 94 172070933
474 218 950565857
547 210 696291676
692 68 34292167
224 403 577442496
129 757 57776946
229 23 145984130
579 507 913691864
733 751 942833133
786 229 707867281
564 6 34598749
515 770 859231965
660 724 512525684
453 655 536271550
187 697 414844057
316 412 140769013
33 234 1000262258
679 765 34086022
761 759 452202904
447 786 136595807
36 340 767020607
617 441 628813034
643 215 383047144
483 425 500777231
190 156 155661123
421 303 1028507247
43 758 163063486
267 628 1019414916
674 773 1026849780
592 418 976420550
265 451 1047645218
616 698 1072332211
310 797 73152671
606 308 138992646
594 530 164754066
427 692 20429517
733 82 402747216
513 646 358810615
625 699 277828580
123 783 773636526
92 686 995911526
253 576 833159685
272 170 289540662
353 87 760952248
214 228 358351390
72 784 954598761
393 636 74179724
623 108 74888486
607 547 618931912
674 455 975078104
771 332 266214615
757 49 458925544
140 436 738696056
186 142 45515660
729 762 589164617
73 559 377758399
298 25 808880616
297 141 67242702
735 271 599648421
662 294 143472969
625 108 212771001
710 486 424149780
547 571 862020650
672 682 587548573
640 670 359676734
793 695 622720455
93 212 826271626
412 504 973201841
216 215 687574606
381 649 502790076
621 560 761623280
368 284 504108113
116 648 1006838503
38 44 103792592
39 453 65470468
491 88 985839117
533 545 786038869
688 82 632917459
466 175 950902725
121 95 689439893
393 176 924603808
662 306 302029028
272 488 954760596
730 206 332068062
535 463 983120526
212 790 81959045
548 626 257942564
453 710 794272474
593 321 130949978
193 128 24675112
573 644 493809274
344 623 653442385
327 305 872686735
728 319 877274524
125 800 612473034
243 306 154912160
152 607 585274133
275 673 547488328
627 444 440058258
166 377 784999081
254 159 39900550
689 561 63075717
243 388 77732165
175 625 544098318
758 338 801332454
10 372 348921717
153 103 238191671
212 730 112798640
215 310 932926632
626 365 284322459
32 75 708360811
624 597 270626039
190 293 366776904
537 673 833081187
94 362 198964631
128 709 685954231
638 166 483565758
373 69 927934836
276 197 1027332201
568 551 524194463
481 721 790524246
547 756 323319921
560 380 44311413
693 610 573462912
567 595 746928011
709 484 748684267
537 713 256108621
764 573 516960379
417 671 745666195
616 473 780175956
426 703 1030896416
160 611 759619576
657 468 642506798
243 438 908618885
271 106 543171762
541 340 455068045
638 693 401660230
567 346 879923158
674 342 518815832
721 712 531300657
360 64 1871514
216 684 1032878177
250 720 183109508
307 132 407003232
787 197 705365940
102 497 382887258
302 798 411603353
525 685 605334105
754 265 981998700
33 43 417554347
356 145 141907894
106 475 332619222
110 749 787509379
413 509 762832913
456 37 452086560
158 499 879762906
97 519 145385880
636 301 449720293
306 521 440010091
523 109 721084920
182 428 426421953
324 438 322517734
674 253 21142942
668 236 74399236
110 730 820226575
557 303 621683181
773 280 923020361
374 798 743044074
497 371 615660641
578 418 644959118
763 504 619908336
648 38 717394975
406 439 522247224
193 101 562004728
348 329 665836545
67 569 539902615
599 215 384338385
273 789 1073197827
684 78 1063602925
777 549 630579948
296 59 919851141
639 682 318117871
292 122 256684997
117 601 578104229
661 718 875868489
493 592 546207206
420 125 925004652
729 327 103032166
53 506 745575973
207 436 229111602
644 311 613171639
26 391 729832352
637 386 960046829
633 217 613329750
594 344 662942656
173 788 261773989
309 461 34797088
343 144 189709978
158 369 454735474
229 222 696847200
329 581 403253856
197 171 364859279
168 55 874218462
40 417 813033671
417 59 1024345971
651 730 702623719
91 444 102455783
563 328 446718840
30 485 554286728
56 588 677447885
21 476 552679877
786 419 1033230496
268 694 268574194
456 566 657559655
279 462 269388440
302 474 796706740
175 419 524396668
744 749 391304088
128 156 287461764
104 112 845958119
52 318 730494055
756 404 890978936
380 493 1032748529
690 716 41699231
112 305 527302769
242 5 222811370
357 605 541198294
154 291 899656783
680 100 184135416
326 70 903011334
535 512 715023096
434 191 801361886
50 549 82640864
770 544 350393329
580 118 314165248
699 566 103625808
317 311 735021199
653 314 513567728
468 733 333354072
452 512 582331136
94 225 562592562
449 450 560070118
23 81 2835624
505 43 669545069
281 33 550573107
278 738 253682891
380 509 558236353
554 641 954654877
255 135 725095086
494 783 504449910
429 459 80803754
369 186 386576179
800 729 845053257
247 629 1022910269
751 315 469130507
14 675 437496954
456 681 782274111
556 543 414786119
444 175 21798449
711 359 342683636
43 21 921288883
719 673 117511665
342 59 225562904
458 137 646833744
297 596 74948190
364 588 945967296
640 60 200821105
640 795 985466295
622 201 682330572
667 417 734907738
461 611 266948228
619 449 248875787
417 368 759695435
930920574
499795323
195227693
918947927
831120701
805205704
548263376
94870451
399066517
502635742
38215554
288217817
746342702
1044604953
998710806
370759821
1033071912
209635402
715838609
848838748
310435137
855890640
645094358
841632709
391613744
251721138
621079839
999139730
835849314
825635448
528915482
726537757
1025474615
517013557
965143962
201871087
590873361
565761445
982551105
32101946
946424797
1029753928
465496733
552079647
981232587
796511031
433003122
288340608
31064004
1065688113
284708345
231586653
354149258
214088114
859006741
331316443
387192433
592550510
151859195
493688808
398056241
1001183545
555504339
782141356
902703823
160143123
238438975
715337178
520167093
548549532
374507340
228875382
524399340
894798617
895856540
49758956
118272712
679190920
525046188
706472953
628176632
991166497
1008160232
479782293
223295732
84287092
815116438
178437777
533021963
563248244
850564028
206890243
98608884
941957531
419661456
617168058
1045644076
278797612
706557290
53986743
372661084
377399121
388305774
485445137
211722051
953660158
943587986
763719590
625927626
294571344
901827921
1019203841
276557254
969927675
719500848
831988980
368964929
916570386
644124839
904600699
167130141
12140762
971470703
1008040240
185316720
767344885
225658029
1027199269
692001632
1007458668
302073790
437484330
206968320
283895575
819649229
261147862
188094301
279943816
68446100
353370661
827059175
563313741
440548552
741902540
476341993
155020358
669799115
448788188
235121376
178550753
678843542
1044692914
488048787
564103645
713111941
1019478713
628096936
348663578
456851426
358478624
875799688
971190180
694463810
423205399
426953810
496490978
871938401
584075391
288819226
837756769
523339190
426440839
805752400
587082989
42132172
726861094
525836998
94069730
261101734
618865579
108378684
756338372
967245345
882105691
1014104560
487195181
168736685
620389567
695591044
104807826
445277356
886105654
609654007
885770672
915551342
883765269
986844807
109217595
751251643
875134372
460328953
32007285
390776326
994018491
442290879
580969086
647372580
144616220
791522264
660260920
292908094
274163041
879888615
627160486
125969810
106495561
749214653
941922373
286624055
558854407
323528660
3589569
896996837
854338472
495364624
759096975
618575209
264148951
470741587
435968817
663908499
873936185
735174037
852415891
849020744
769888622
229127155
697296957
426829468
53483949
218780563
17768771
513629605
968983028
897511703
520801325
658357412
145749860
257880818
993026963
646482755
549397548
903155415
914565623
206561107
684887298
434308881
954810811
1012530991
925662890
662195260
180642810
765520787
623509565
836370340
268815627
501011771
568068740
438401823
121080326
876994330
137717434
800222649
98938019
982829367
879410513
374434488
123216186
140925656
249691472
1031724399
523373205
500330047
127540849
636364617
309092954
420898427
576730058
492508675
907885902
826740571
762566098
1064204420
936683595
697368501
981348588
953799945
551778906
589336844
655845055
589217543
907645588
636248490
975256832
961941582
97156839
298291645
432807138
306111727
245105688
398940653
706563125
831612603
459725482
946492411
791773823
307405666
490831777
1053804675
1045100169
468810183
157051891
140449383
890840837
558011465
476183654
740979055
848952931
369029261
144294254
103436615
1060015073
835615528
338289899
638910206
752499408
662181254
829674187
251540385
468611745
536854692
656548025
945139326
851092573
507808076
333026705
498813438
578100515
746842771
1003478917
185796213
280656388
65037216
397311026
1046999582
413013981
413265142
257322248
817224680
347270469
351588366
985227966
156861389
255089481
43882582
948538635
482608422
103863694
638748630
166822116
480344959
1053606436
620058409
54812741
909203838
262151840
852312241
71891713
58167258
416237893
792111386
111182747
699229755
230576165
1025179097
1012367114
338440543
227992185
421464002
146091384
598191909
594906802
361928769
812235917
433054115
57367216
1047374678
330511803
763868440
635739026
728864413
768220425
671351477
568032612
428210820
279200498
523925157
324307160
214155666
433275724
101585255
683640811
328327911
588619489
426289234
587400436
513290792
648387238
39192262
742578738
474483199
362284778
1009873858
302850994
940377320
416487771
631570706
614185890
537758033
738439051
141866693
222542865
989295671
101992039
495008649
26429632
10090557
336758061
558452886
161590577
950806710
702358535
463974735
487345559
380983890
575724730
979384396
863590027
594050002
142826901
417504787
834996924
83321700
222228622
848493315
943100746
851728211
421388383
368266214
652688505
594104149
403279094
591124352
639404777
274720628
1004030705
131193822
705947494
963237488
206599744
391489636
625931403
884346434
12838792
298600301
904884887
731620531
222878289
637036072
949877985
246633310
548376127
14928478
930502472
1068294976
554926509
822438985
924313779
806398551
179587421
1061019931
615121267
284347316
526263531
665352995
965075727
565684809
631903527
648242754
658336068
305508605
803062172
692253110
43202975
913294611
487123438
85712924
1053357481
506324229
148376474
596216242
412415546
372817563
431431888
1035806026
312816447
331758142
642660722
329444669
525450243
611135611
251264644
205313992
830625737
524539701
92087951
667878177
744151322
507002062
739896456
46221823
49202781
1067978727
92467881
97811768
347444550
215276388
779092895
532224982
620809722
546523896
22314802
476222740
120768836
466321922
253619923
149668380
597093573
772385744
331270242
286322558
323580302
110883056
776268557
436811217
506040029
968137706
897640113
705070067
895147644
209896037
578095272
689458895
769198395
403439550
1052913519
768267793
391254640
581022955
660514198
833654581
563758660
77471891
233133988
190853229
475325055
980800245
817919932
934471413
179562423
593628848
190022030
188644226
63223448
358390942
891042099
326340408
1038639895
133864713
408083614
434926294
135000779
110608359
26584194
84109362
630577479
1003025698
705687576
378702363
445295427
1045976917
204581339
845135240
175372175
936350695
270548640
509582719
703704174
145115161
662600791
967645211
292791243
820091553
189626458
194224877
31707004
555154479
536403770
26648664
556829183
334264752
964894003
685450640
441212295
383649188
651161576
931068999
198328282
543537264
228287654
282505418
807432478
269799375
340806271
361001637
435276166
601715458
203470423
535909501
919159703
923954755
483646177
371792707
710792928
93865313
103306037
503409036
996205831
140801580
382080720
375416856
213317892
685711106
591389888
542140478
146535821
333221557
1013692159
1072374340
765187210
896141
1019760873
1002465341
340519779
503924586
217576457
1045497942
269523066
1072039156
323874940
986087049
495455885
272228481
23557038
217887997
989553305
430958934
290625690
807036568
182444413
1036657006
220343859
796127051
601384178
923798012
760378756
340950545
1027284511
753916542
214340646
327776437
818421419
473371346
761572383
1065791564
997430305
810311208
276411588
666460510
568325908
766947799
521895726
630730428
143632365
620353103
893569584
310744062
787976028
716953184
443601706
513349487
36325852
189185328
929932050
81229697
837910761
47747087
398449178
536270176
266509157
985883081
487747186
720003561
479026022
105137467
441504749
580430904
541474330
511445841
308623672
354983890
459187283
791272767
366718076
166972345
336175657
213356613
754268512
242134725
707039562
614591816
1005075904
381739750
875218364
379616634
730733117
750900212
799228056
527033261
78040863
528266115
832225437
731757193
1033040297
28841269
126250347
600666027
837277634
684661381
890283720
763943539
82475647
549076732
410760604
363756149
236324497
1004215908
965544007
885574929
662882932
689894271
33549686
945260965
253946987
265072386
880109348
54175063
819391124
377930608
292028415
875229314
1034999008
870996822
809378890
114036620
784375183
1006114744
146843634
284831681
53904898
961999348
373780422
468965166
725498385
594566486
463026820
494037245
155763005
156400198
315210575
991309587
1064680704
801330963
994406185
123365594
1037155401
897632461
796913288
948976448
47211246
202099691
519597915
966037855
670010008
49961426
563892136
352263540
374805853
160290044
53121617
286312238
738546303
746559395
502561846
565371184
699572537
925220187
265931880
808386103
918325168
701167420
397589112
340008654
574159838
986751061
804057791
722362877
346568163
168339258
886089254
360064498
434170113
366160858
608442417
99950358
772595371
85129150
832134101
664671316
760438621
926361797
90515426
560109860
963675839
617173067
430777842
1045318851
963143378
926333008
804045885
275427294
154412521
461084116
233598118
19357078
913450709
1034228423
102695972
656029037
492326563
612141894
765357746
267856429
357372527
132994277
334922137
835542448
855475999
816653648
968805294
141633939
425245216
447903158
872992049
423747536
107960472
416395427
212155086
925827932
629201602
828246742
82931606
70878806
203150593
494871738
707132071
75399828
912236463
307053977
453649627
636640253
880127743
824068701
876302946
375243701
548332441
73551248
402339963
700182908
287692097
195958726
556329368
578604651
112099042
769530280
865442767
997295764
592804394
62317764
1017333729
190501224
990221454
733589095
13415585
377801531
762926022
392220214
811364393
708917490
65191108
172998229
375306966
141146981
855189743
167967985
613656588
599415528
957769788
443220636
783977012
217257421
681254467
279276984
905028561
1068322949
818068956
372521201
206300014
392029406
91514492
600876179
830426764
52718612
607954103
490292176
241129524
375494793
617703832
667605509
714327677
415069614
14555444
566056096
732708590
955931803
573855014
874525499
545562223
712872150
296972402
627904178
37612612
50554988
400849701
129210432
252860246
944784839
345249402
431911840
696404705
126272770
854827845
460658211
685462327
54168628
498106014
379698022
610256247
554248090
831336058
790350533
869721355
234025764
248283338
951845632
581792386
453363743
687704247
447889480
728443883

