15 105 1
1 2 19
1 3 11
1 4 10
1 5 10
1 6 16
1 7 16
1 8 8
1 9 1
1 10 12
1 11 5
1 12 19
1 13 1
1 14 14
1 15 14
2 3 7
2 4 12
2 5 10
2 6 19
2 7 10
2 8 7
2 9 15
2 10 10
2 11 2
2 12 18
2 13 9
2 14 6
2 15 19
3 4 7
3 5 15
3 6 17
3 7 18
3 8 3
3 9 19
3 10 8
3 11 13
3 12 8
3 13 10
3 14 3
3 15 2
4 5 1
4 6 5
4 7 11
4 8 15
4 9 0
4 10 3
4 11 14
4 12 4
4 13 7
4 14 2
4 15 11
5 6 5
5 7 13
5 8 12
5 9 8
5 10 15
5 11 0
5 12 0
5 13 9
5 14 18
5 15 6
6 7 10
6 8 16
6 9 14
6 10 19
6 11 0
6 12 17
6 13 18
6 14 0
6 15 4
7 8 6
7 9 12
7 10 8
7 11 11
7 12 2
7 13 14
7 14 19
7 15 9
8 9 7
8 10 0
8 11 1
8 12 19
8 13 7
8 14 16
8 15 19
9 10 5
9 11 2
9 12 8
9 13 2
9 14 17
9 15 3
10 11 4
10 12 3
10 13 7
10 14 12
10 15 15
11 12 2
11 13 19
11 14 17
11 15 17
12 13 4
12 14 4
12 15 0
13 14 3
13 15 2
14 15 6
