1227 235811
103817 191197
47754 52482
122524 171810
114605 179536
17334 197828
121853 198608
59494 104569
23426 75639
148353 218723
36605 85463
71166 203029
23074 141839
32345 148801
21406 52222
107225 204689
57868 200820
37989 204281
127967 134084
63281 134863
213841 226160
163430 178297
89400 179310
113797 169520
62223 164052
88630 208353
11170 16589
43147 169085
101496 207248
11886 71035
181101 183306
9005 40503
99732 233610
37456 155006
37841 54793
208836 230703
159719 218642
31314 44573
51595 96841
37849 49525
195092 201826
145427 189281
172761 231446
67515 149238
138209 169877
55165 148763
84397 92412
112612 223354
15657 133907
36819 208510
46067 91923
17129 113008
31465 147167
59151 104594
33442 217969
37958 81618
116754 230555
30581 186581
119044 201348
109124 126324
55976 225306
75607 84168
146503 221895
44199 149047
35467 207369
26167 179870
45480 148413
40050 232358
51527 178905
76751 138475
63609 91756
51122 133712
6638 141108
3010 66427
111114 171281
59881 89706
107567 170059
46438 213569
144332 160635
153899 215101
56285 69799
50299 84729
15127 178078
77132 102159
17262 227613
205934 209482
167837 202429
82975 190900
14082 163964
142964 171428
29726 231431
38566 70068
126014 143027
114812 204881
156291 159838
112573 160954
104752 141558
82438 179129
19819 80486
12117 117400
113193 129684
34168 62694
94773 96889
49934 55736
83077 100528
110177 198860
139153 150818
38193 198562
35651 92750
51286 93188
28593 119883
71431 162146
148521 219313
197501 224661
41517 78297
129454 200869
164395 208470
76459 130662
49754 52938
63859 200820
84464 164041
68368 218210
15123 164703
79162 193216
185559 198804
84611 210798
186521 190749
49189 175662
51403 117555
120665 135111
81757 131747
115784 230367
173239 224271
3282 191875
39495 187950
32034 105713
94903 98121
25883 65034
103840 218809
35547 96211
33400 120124
31659 52883
37692 191443
18745 156056
204442 216782
36879 192255
55406 179540
77115 96626
45265 115651
170328 221371
12771 145647
41776 217213
36372 150330
72775 158094
134360 135739
27284 66030
30134 224559
69316 168013
83138 234203
25785 30923
153019 233663
112563 187624
13430 31179
24058 154190
228186 230969
77646 177852
93813 169271
123373 193473
81803 84084
132057 189852
106742 207324
46496 170872
130609 165140
114588 210566
11305 186102
9294 132524
62261 198756
39055 189115
57678 138039
150909 169038
9 154235
197290 201166
185398 191861
163074 208320
15768 125450
37038 85238
104392 231139
76039 93978
65154 157617
19364 123067
28758 174102
147722 215800
29672 36554
190969 223309
111564 192589
81866 145327
135526 167888
35757 121691
31990 44492
66475 119590
40153 69645
100245 173207
102995 229828
85633 186073
194819 210085
20499 97645
189906 196077
95222 179498
44542 115174
131563 203047
105175 154951
45173 80558
38665 203567
47096 196155
191147 206040
63879 110884
10093 132582
38814 62982
134563 198718
26739 205440
88423 179456
34514 222332
121812 135961
209983 212138
74804 83226
3647 183240
25170 177105
291 99559
18912 182350
43129 230470
30906 233637
140859 223668
64952 122521
109367 112753
29288 199518
51761 137108
43254 58159
65093 143248
36592 165776
154501 225577
14598 113446
70185 210746
9730 96618
146703 152210
74468 122818
139800 234984
129626 157126
62007 171227
52962 181538
108081 187864
54549 113200
53199 115594
177 70042
11862 45067
89120 235536
55693 224452
71920 94399
110096 189906
75588 183356
2773 177769
56810 137237
27594 165316
32160 211553
197791 232042
17623 215547
4955 152446
14982 222578
94317 171689
188212 196417
145653 160804
192211 234095
12368 95634
140403 162682
20976 139816
152738 223743
162997 184816
148332 155160
150584 173343
77807 215324
47427 112303
77303 173475
188816 205382
143522 191047
110641 142433
171898 214761
12772 86307
157273 179634
145543 194456
90237 124519
70793 199483
31595 94986
67186 230911
67097 135074
74364 89872
35365 91726
5134 235597
44193 50601
36262 137813
218373 220222
171202 188354
93810 176209
15021 180351
35698 106927
122165 144528
29102 208063
44419 85739
24970 35565
561 190130
21834 74823
101933 173049
113919 166768
111758 153134
41097 111175
20217 188996
216878 229997
213728 232225
45576 216042
28671 100237
14076 116349
114537 208507
23406 87251
165511 199206
184257 184960
1866 76467
59744 83826
41375 209420
58998 196681
65943 119701
92747 200029
31600 216749
142656 207972
48402 193286
87913 188348
16420 147669
80974 148659
52834 97958
108080 143388
47661 90284
98693 179678
63953 192079
48891 143579
7865 196848
27093 116836
83303 86417
127600 225332
86038 126141
138324 230187
10203 174616
108997 112346
151369 214999
42896 174735
46364 104187
17072 114123
23510 104518
5540 221808
53360 144123
165732 215569
115996 233731
9676 182863
109332 199892
7537 126296
142824 173753
55827 130749
135965 154116
40594 56895
105236 152618
140539 186068
66718 174609
83377 107049
111719 224680
204963 229447
30494 183310
213292 225733
60526 216088
88832 88839
19395 142017
16870 99004
97033 175611
47749 190740
49383 182079
36968 95208
82174 110992
92498 220006
198222 228941
24935 118232
9962 62915
166299 215402
127462 190628
158065 183756
104709 107239
73085 104509
44753 81650
216996 223781
173429 193803
110547 133334
80442 141311
183408 215618
59857 139660
90583 185165
20810 125550
57514 66078
10838 217708
86719 176886
112252 224040
95021 189412
30225 61841
185989 195195
100461 156815
207390 211769
109913 130226
152926 171731
153073 204181
7115 48148
40660 122089
69918 155261
41586 147507
17304 191678
28234 192231
9495 183050
30247 183534
45124 104880
60779 142166
26135 45833
183620 190809
54386 105685
30015 96396
88968 171892
15881 123726
92339 216182
161488 229525
44805 149385
149269 167598
26683 61268
17626 129949
145610 189357
187348 213696
53600 109192
106113 158924
100351 119304
87309 212945
79527 130065
92156 190168
65391 218724
199869 228579
38335 187220
162507 215918
48589 156791
21527 88057
62739 209218
96127 221144
5220 232833
66408 226456
91145 104870
73427 234909
114434 127605
203916 226682
806 129560
51658 198492
13176 188949
72780 136212
452 64871
171191 216732
22005 97602
87683 173289
118101 188053
158498 218179
690 146617
15966 58931
19824 80290
131866 219873
84738 119795
132223 176178
16776 167881
37980 155215
62447 167024
95665 110259
9607 124304
104743 139578
147742 162229
54260 157660
136096 170742
101669 106811
172547 203836
148199 177343
120473 162113
19166 149879
19538 89100
101820 123798
22003 153776
69235 180459
28971 205349
42497 115700
22559 42407
147363 187248
25751 144757
106635 216260
9622 62910
18848 93887
141210 165505
66510 178768
80417 149087
200997 230131
62586 226831
201322 223624
135133 201253
55478 154098
200148 203756
1017 212183
38957 61032
29033 219816
113682 120173
85731 205938
42700 71118
65867 168437
16650 135760
69503 151776
68733 226476
6018 135279
110223 225493
160927 188194
19301 26753
118335 217593
10199 50754
87048 197630
5459 115751
53357 125680
31918 209759
132505 206564
99335 223066
16630 146351
4441 27028
94215 187678
87771 96185
133031 137712
111932 123580
170165 203704
8795 83889
132227 159720
134660 212593
39662 48554
51877 147211
229951 234098
38138 51395
39780 180866
100185 206223
111252 170420
59535 60451
20308 217080
10228 233716
99173 227790
127878 191548
27132 194489
127974 132925
116019 189679
79214 203644
122488 218863
7059 218875
152989 187086
95251 224001
25046 42068
38349 173657
1887 36486
10095 30094
96381 210465
54719 150903
118608 219062
159771 207667
204391 234460
135445 233961
37956 156229
161317 225707
145550 180804
24768 28386
55392 59532
159643 216733
46138 108143
98364 189197
206095 228143
95708 98415
60335 174530
35055 60612
42865 76250
153034 164053
81117 167024
14284 46105
21539 74826
178526 191748
112495 225495
100316 192474
207342 215946
24997 158434
154992 218202
210300 232209
169298 174566
137586 165575
216181 221925
37531 50990
71106 103245
14566 69999
27693 156506
57417 176817
89421 171940
134061 169106
6627 148019
79264 144832
38531 139474
73775 226567
87408 211243
15044 171540
11342 67091
2272 171574
112379 127150
155156 169141
70313 169388
36578 104474
114068 149970
72176 129861
52386 63984
28214 119953
882 84782
74522 219419
121936 130671
41222 165220
88277 212646
26208 194128
91209 208061
85424 117593
161988 233447
99817 115731
94721 127366
23009 151983
76121 183612
228444 235266
52703 186664
160676 201069
151680 210527
12547 70349
62995 164933
146420 210934
20431 218001
206976 226842
38475 150134
52240 153667
10943 73436
61485 177751
98594 174122
93328 198603
14476 103616
7542 146038
43155 213650
94878 214168
37369 141729
136553 193900
102124 139274
167861 210791
8471 181641
82158 227788
37518 75370
34818 177006
61003 224113
48199 210844
123240 184246
70362 98114
184030 201337
134199 209168
229565 233269
56189 65319
29950 78424
174739 177790
4023 82565
61590 96706
46573 100731
38120 132843
223206 226387
174109 178542
80581 81985
123036 185513
29569 41165
40536 125449
97399 231125
44981 141388
52281 157519
141599 195896
61782 162199
76342 92623
42979 210614
31082 193173
42583 80735
52020 118816
153925 193666
183544 204700
8813 94569
143758 226640
10235 181253
91056 219877
65754 106514
45579 170361
111855 153558
3342 168840
112427 142317
13038 35941
14898 15285
47399 148325
78902 106954
188912 223984
195915 204734
26859 105869
33682 170165
129317 162229
1726 59133
82406 235792
166366 222056
206451 226917
18370 43907
164962 208140
56073 84657
29960 87235
35664 162826
138643 223922
99533 201315
63756 66438
20227 35486
66322 149002
131960 229928
25199 31470
53793 85302
15855 184741
114272 119196
26558 214470
115088 149630
162278 201126
24672 131113
7558 203968
39568 160659
20115 223983
83431 114969
99030 168385
102519 220746
32595 80597
62748 164693
2530 64629
198432 204303
59843 232725
16151 148650
132926 141551
107633 125611
183676 203150
142000 183055
50815 162567
25603 66521
17751 196020
90844 204851
186518 197495
130436 202870
118539 231484
27094 165825
63112 175443
62093 79667
93568 106250
60203 64027
74895 220792
1971 155008
132523 151883
108713 171272
48109 168052
66960 131072
61040 118756
178140 223630
54513 204738
11049 209457
159291 169567
126770 164355
67267 68503
148909 149410
1501 94239
49570 192561
93519 164303
123606 148355
138040 228935
128596 221677
15978 138283
68442 89161
150250 206550
175265 185317
91693 193507
104567 215475
192485 196033
145461 218156
43197 211607
50230 123793
41965 76051
207097 222451
7859 151668
105707 173667
194758 198160
29419 132463
79980 113930
161724 228825
104218 136890
78350 170138
118914 149992
56911 93401
182966 202045
51840 163330
67234 121670
50101 230491
36449 45274
17761 204548
111915 116495
81835 159530
39075 197402
8007 63596
82389 213178
29780 144062
28815 44452
103763 194913
147860 174717
85336 165749
130167 212284
38250 167517
122710 229542
154319 169105
84841 155474
138692 194624
67487 161778
167792 215001
67126 112856
37904 155507
170095 213492
47535 80080
70689 233647
134731 186713
9004 29107
77089 125488
20086 224793
70929 119903
59259 85801
47582 134833
16874 150865
175241 223427
136112 174566
154714 201529
126343 222061
153079 184381
83611 143291
126427 127378
66788 105538
22858 204804
47759 155632
95068 177947
25754 111591
158213 182001
169908 170534
6661 151130
41950 122032
90821 120942
19200 161719
114854 234084
44410 167169
59890 67702
126541 200240
71472 126904
153790 177776
79654 171938
52393 134874
62286 102997
97791 180713
61672 75191
26624 82328
60476 107433
49198 228048
47509 176410
118719 127355
17016 192540
33129 142568
49851 204212
101229 150092
122973 141014
125364 205550
29677 197228
93501 182061
129084 150958
27476 148832
11908 208968
114861 218225
125975 145906
96566 138575
120426 164565
153594 179251
15055 98411
45698 82770
126113 198212
103981 153511
55888 64301
52415 101080
9831 13421
15186 148693
100997 135339
19241 102933
168047 189711
49905 220557
115483 211408
49955 143553
11774 212340
99170 182880
161064 201678
27656 27799
33176 46936
3164 191487
96620 102546
68070 178188
183426 189112
36173 147731
32451 123611
146208 183277
59427 144863
80487 145612
116529 125097
22950 201109
72225 212745
111112 163191
36048 103603
163836 201263
211136 225979
88334 167546
9016 228607
74403 152915
141534 180875
86589 235772
25443 165891
65532 91679
34972 195547
1762 95630
66108 167609
173434 233563
85401 89981
15460 98111
128827 233958
82340 158070
12811 51388
39967 209532
15937 219661
2784 34078
202451 202806
26039 85102
45303 88813
10693 214905
128304 139540
160729 223093
192566 231139
12606 199322
81936 235084
27333 135817
103018 221546
173003 213845
1058 60987
55732 205605
44215 116552
65561 181834
131344 179936
79625 230400
114996 168788
93145 151712
82934 162128
107667 201682
99255 223457
23539 118591
28019 143996
153264 187247
20045 146748
111117 185070
40055 71996
46338 95545
108320 150136
81666 192984
64577 141354
60942 162649
168852 232145
80691 87670
113029 131745
36798 126522
114181 159936
94051 166028
77020 185355
576 134470
37406 184356
62280 66988
23845 55355
137405 232305
125099 126098
117122 133004
153092 156489
168292 176940
6969 99115
27579 214218
18071 207970
87206 93390
80437 189666
186518 200253
197895 234775
207048 227871
145673 148660
118435 153377
22972 60058
42588 65026
163641 234187
6928 49605
16299 195488
30159 90437
104955 172516
47719 211739
107988 215438
161626 228892
181867 207273
153531 163651
167046 223091
38105 85403
91246 225592
19795 64993
30821 53527
110267 174671
137470 160752
39045 133559
96220 118967
40368 71542
137139 154584
36103 166590
109022 164294
146814 189204
29577 143277
157356 212181
47032 106660
71160 153208
40003 175616
52568 209051
29015 209651
170260 233153
69541 187574
41748 130348
35753 216544
99594 230599
149183 201895
109231 183462
40897 89227
25512 38484
54968 219010
2070 146040
151746 171064
11071 46946
186061 188970
89045 140337
36125 145275
41555 209848
23596 230099
12790 118545
90700 184066
39300 130272
82421 135331
4075 81985
59857 211585
950 92053
36600 186308
101537 148948
23213 46755
116651 188899
103154 163371
45927 162535
13848 193539
131778 153843
61173 223512
104053 121868
19550 169469
121501 134694
9882 195953
33659 109425
34617 182083
117284 226819
104565 219905
18675 143452
75902 147878
188927 204582
102563 150614
102677 128616
119197 170341
116276 175802
37606 216753
24578 82440
72518 215854
123119 188933
47319 166333
101937 106421
27036 36072
89505 150810
218127 225740
92199 195619
26881 214459
78887 149459
77364 105299
34775 168131
126941 208679
74187 110775
98137 104476
40062 86451
77314 89780
157033 206241
70398 188810
154490 209943
9284 10695
126036 162248
183646 229888
42663 133234
110468 182395
5316 165216
124060 203805
45045 204136
7860 114384
136986 143833
36849 85061
24705 53934
15317 154319
24979 114538
2963 131652
166570 226652
58929 218372
105697 188802
109793 178787
99325 124062
44863 100027
81394 115798
83293 205794
14533 131854
125080 214601
7152 217100
166243 173141
87571 233466
6237 218075
77893 99312
97241 175402
80185 137503
82034 171789
31079 158042
67545 74354
195936 234075
34022 60750
56938 201801
6902 164318
92090 222468
225627 229640
72450 190252
3019 216727
47500 234877
153971 213946
153906 212779
183174 193536
62011 141338
57995 150286
47067 83023
89922 205621
56252 194069
43410 123388
9768 215897
53034 197000
90910 182328
91694 120438
112158 221761
1365 208001
114637 172224
57974 141210
64969 72041
41012 147971
35785 209742
152065 160681
88770 145757
27617 225762
55182 232946
107303 146731
138178 166629
51659 126928
34539 234549
173281 202999
185191 188994
61473 180560
22927 158582
30182 71956
8072 203115
136211 156106
57099 101171
181257 227494
143003 166375
9879 71716
90934 202286
159913 194014
116148 223590
32420 63939
55662 136788
73712 111989
33782 68922
100516 126801
58786 110000
102872 207160
70314 116585
165460 184754
202571 216485
28524 115187
150852 175579
80841 154759
151502 228844
76407 114061
98406 132990
32621 157507
37702 111387
208964 216265
96443 102706
88363 233159
110710 156992
39395 183235
104145 133866
87897 125350
25964 172857
3613 121318
211611 233722
195438 226179
114784 116418
16318 94546
30916 96349
192207 213661
120888 196670
144310 185427
