1000 1000 1000
354 263 879 315 879 12 743 263 263 879 2 354 879 743 263 12 879 263 743 181 743 563 354 12 354 315 798 879 2 563 12 315 181 2 798 181 181 315 2 315 563 315 798 181 743 181 879 263 2 181 879 263 2 315 879 181 563 879 315 181 354 798 315 2 743 563 354 354 563 798 2 263 798 563 315 743 563 743 354 12 798 315 12 315 354 879 315 12 798 354 315 879 879 563 315 563 879 263 563 879 315 315 879 12 12 798 743 181 2 354 315 315 2 798 12 315 181 879 2 181 315 181 263 263 563 263 12 181 2 12 12 798 798 263 263 181 315 315 563 563 798 12 181 2 354 2 181 743 743 354 879 798 315 12 354 181 181 263 743 263 181 563 563 315 2 263 743 354 798 315 563 263 315 354 563 315 12 354 12 2 263 798 563 12 12 315 181 2 12 2 12 263 315 798 12 563 315 181 354 181 181 354 2 181 563 743 879 798 879 879 879 563 743 879 879 354 354 12 181 181 743 181 798 2 743 2 263 2 12 2 354 879 181 798 743 12 563 354 2 315 354 263 879 315 2 2 798 563 181 563 743 2 354 798 879 263 12 354 743 563 798 798 743 563 743 2 181 798 12 354 798 263 354 563 263 743 315 354 354 354 263 12 563 181 798 12 181 798 2 879 181 743 354 315 743 263 263 743 12 2 2 563 315 354 354 743 743 2 263 798 743 2 798 563 354 12 563 563 798 181 798 315 315 879 315 354 2 181 563 563 263 263 743 354 181 263 181 354 743 743 354 181 798 743 263 354 315 563 2 263 2 181 354 798 263 12 879 181 181 181 2 354 2 2 563 315 12 12 743 798 563 798 563 315 798 879 12 563 354 181 12 563 2 354 879 879 315 12 315 354 798 263 315 181 2 2 354 743 263 879 879 2 315 181 743 315 315 743 563 743 354 563 743 2 798 798 743 879 2 263 315 798 315 798 743 263 2 563 2 354 743 12 563 354 879 263 181 2 563 2 563 743 798 798 263 263 315 12 879 879 12 181 798 743 181 263 12 743 263 315 181 181 563 315 354 354 879 354 12 181 315 798 354 879 743 12 263 798 798 879 879 263 2 743 181 12 563 743 798 263 181 315 354 743 263 12 12 563 563 12 354 181 563 354 743 263 354 798 354 315 563 2 879 879 181 879 181 181 354 743 2 263 743 2 315 2 563 263 315 315 12 315 798 315 354 879 12 798 563 743 2 563 563 563 315 181 879 798 798 315 743 263 563 315 263 181 798 181 743 12 181 2 798 563 879 354 743 12 743 315 181 315 315 263 743 563 563 563 315 263 2 315 743 12 315 315 263 12 315 563 181 263 798 563 354 12 263 2 879 798 181 563 263 879 181 879 798 12 354 798 798 798 12 354 563 743 798 2 798 354 315 2 263 563 12 354 315 181 2 563 563 315 563 563 879 263 354 12 743 743 263 563 12 181 12 563 879 181 315 879 879 879 798 563 12 2 798 879 798 798 354 263 354 743 798 354 12 743 181 2 315 315 743 798 263 2 879 563 263 12 263 798 563 315 263 315 181 263 12 12 743 263 315 563 563 563 563 12 12 181 181 798 743 315 2 181 2 354 798 12 12 12 743 798 2 263 315 315 743 798 743 563 263 315 181 563 879 12 12 263 354 879 563 315 354 181 798 879 263 12 879 879 181 563 879 2 563 263 743 879 181 181 879 743 354 879 12 743 263 563 798 798 263 315 743 563 315 563 2 12 12 315 743 563 879 879 743 12 12 798 12 743 354 743 563 315 743 563 2 879 2 563 181 12 2 879 798 798 743 315 2 315 798 879 181 798 2 263 315 181 354 354 2 12 354 181 563 354 315 743 879 12 879 354 263 2 2 798 563 2 354 743 798 798 563 354 181 181 181 263 12 743 563 798 563 315 798 181 2 798 743 879 12 315 315 315 798 315 354 743 315 743 743 181 354 563 563 354 879 315 263 181 181 12 354 563 563 263 315 315 2 315 263 315 263 12 263 315 315 879 12 2 563 315 798 2 798 315 563 354 798 181 354 743 563 263 181 181 798 798 743 315 12 263 181 181 743 743 2 798 12 879 798 181 563 563 315 263 2 354 743 315 354 315 879 2 879 743 743 181 181 12 263 563 743 798 12 563 563 12 354 563 263 263 263 563 181 315 315 315 879 2 354 879 12 2 879 315 12 263 798 743 12 743 315 743 354 798 315 354 563 563 2 181 563 263 181 354 2 879 798 315 354 2 315 879 12 354 798 263 
1  888 990 798
1  167 654 879
1  68 396 743
2  576 687 263
2  883 949 544
2  27 995 565
2  254 358 73
1  404 906 879
1  307 820 743
1  465 769 2
2  680 856 934
2  656 697 262
2  166 929 325
2  216 464 394
2  124 438 723
2  449 814 687
1  881 985 263
1  407 655 263
1  518 744 563
1  173 251 2
2  857 901 158
2  857 999 366
2  272 797 694
1  377 750 12
1  639 974 798
1  239 550 354
1  160 806 12
1  922 949 743
1  556 559 181
2  206 894 633
1  550 822 181
2  724 840 862
1  828 848 181
1  557 869 2
2  598 981 658
1  113 338 12
1  830 967 743
1  419 496 879
2  756 991 531
2  614 984 371
2  89 463 41
2  313 799 879
1  188 640 181
2  592 749 179
2  322 644 515
1  558 973 315
2  541 838 380
1  141 752 743
2  922 930 235
2  677 958 989
2  483 638 265
1  967 969 181
2  405 530 698
1  216 510 315
2  119 148 431
2  131 623 253
2  856 900 615
2  357 509 91
1  601 656 12
2  969 986 367
2  521 781 442
1  601 757 263
1  348 600 2
1  638 729 2
2  207 286 150
1  63 415 181
2  484 533 250
1  491 673 743
1  674 868 354
2  662 761 338
1  627 724 354
2  177 921 842
1  106 717 354
1  163 301 563
1  587 844 743
1  64 404 563
1  996 999 563
1  346 984 879
2  77 589 886
2  437 902 198
2  121 853 940
1  765 806 354
1  564 743 563
1  927 962 181
2  103 414 801
1  143 481 354
1  264 332 12
2  464 547 802
1  967 980 12
2  487 557 250
1  262 678 315
1  84 838 2
2  887 978 820
2  917 935 698
2  745 953 955
1  949 959 181
2  112 524 93
1  682 926 263
1  778 795 354
1  525 693 2
2  510 673 866
2  808 825 405
2  803 947 13
2  637 909 847
1  816 877 263
2  606 608 142
2  50 168 908
2  807 980 216
2  127 212 448
2  259 581 984
1  359 489 2
1  774 947 12
1  905 942 563
1  111 597 563
2  862 955 375
2  668 865 780
1  519 553 2
1  171 966 315
2  856 914 543
1  393 765 879
1  838 963 354
1  491 762 879
1  97 335 2
1  709 943 315
2  949 953 991
2  195 731 872
2  427 495 539
2  927 954 345
2  540 761 999
2  929 950 517
2  569 585 347
2  297 470 28
2  231 884 667
2  45 663 119
1  626 886 315
2  895 918 575
2  684 802 443
1  991 999 12
2  636 810 143
1  495 953 743
1  559 887 315
1  956 986 798
2  342 662 431
2  728 980 321
2  1 426 221
2  243 274 746
2  908 984 174
1  37 706 2
2  323 580 353
1  594 946 354
2  6 40 687
1  296 643 2
1  686 958 563
1  336 381 12
2  182 521 227
1  782 787 798
2  987 996 184
1  634 976 798
1  100 264 563
1  894 936 181
1  954 971 879
2  437 674 384
2  448 884 845
1  941 956 2
2  200 561 50
2  301 720 215
1  573 792 2
1  683 976 743
2  75 636 709
2  802 812 110
2  463 634 830
2  459 925 871
2  542 564 632
2  18 963 880
1  720 776 263
2  209 960 776
1  432 925 798
1  933 977 315
2  503 949 321
2  278 711 876
2  362 785 495
1  336 931 743
1  789 846 743
2  258 612 573
1  398 592 263
1  147 798 12
1  511 788 743
1  18 394 12
2  721 732 483
1  5 37 315
2  156 397 414
2  935 964 793
1  153 435 879
2  632 882 773
1  113 761 798
1  466 968 315
1  121 729 354
2  881 955 328
2  198 641 70
1  631 775 798
2  442 833 116
2  256 457 998
2  275 768 939
2  883 883 576
2  77 94 844
1  221 921 879
2  751 911 413
1  680 746 743
2  665 742 652
1  628 952 354
2  321 359 634
2  776 860 486
2  514 525 695
1  358 520 743
1  740 986 2
1  392 871 181
1  719 847 798
1  230 969 2
1  673 860 879
1  378 697 743
2  967 968 631
2  650 761 255
1  588 658 563
1  436 564 354
2  178 678 703
1  364 611 2
2  619 699 143
2  758 907 816
1  38 227 743
1  902 999 879
1  265 449 2
2  599 715 590
2  749 836 794
1  790 921 354
1  170 557 563
2  955 993 620
2  836 926 83
1  579 679 563
2  839 881 914
2  889 999 680
1  515 716 315
2  353 470 637
1  596 692 2
2  948 983 588
1  830 922 263
2  483 728 161
2  801 958 754
1  232 413 354
2  791 798 160
1  618 670 743
2  935 982 781
1  319 774 12
2  333 645 127
1  516 576 798
2  935 981 280
1  679 783 315
2  520 682 835
2  435 953 55
1  145 844 798
1  507 706 315
1  389 874 263
1  329 994 263
1  340 454 743
2  19 603 586
1  625 629 315
1  172 314 879
1  997 1000 12
2  176 761 53
1  271 933 181
2  330 950 53
2  656 798 343
2  983 997 210
2  24 39 976
2  250 687 848
1  99 118 181
2  448 725 234
2  402 502 677
1  496 727 2
1  667 691 12
2  306 876 634
1  245 760 263
1  391 433 12
1  224 734 263
1  741 926 354
2  850 986 94
1  501 790 879
1  791 877 798
1  178 947 563
1  213 612 563
1  113 227 181
1  501 649 263
2  945 969 214
1  486 836 354
2  873 876 96
2  521 803 909
2  695 981 775
1  686 715 181
2  269 509 577
1  545 620 354
2  100 621 265
1  474 530 12
1  126 551 879
2  444 770 112
1  557 744 181
2  108 293 4
1  916 929 181
1  571 658 2
2  778 951 888
1  113 787 563
1  848 953 12
1  604 891 263
2  44 105 465
1  749 808 743
2  233 906 20
1  627 849 2
2  170 979 823
2  201 719 789
2  507 726 312
2  547 926 755
2  132 291 444
2  890 967 460
1  562 766 798
2  169 996 858
1  761 891 798
1  310 430 798
2  923 1000 981
2  989 989 381
2  257 293 336
1  615 795 263
2  233 921 869
2  380 635 194
2  994 998 932
1  194 832 354
1  583 713 315
2  98 548 606
1  732 915 879
1  507 898 315
1  220 918 743
1  295 827 263
1  595 924 743
1  625 763 181
1  894 946 563
2  647 778 961
1  522 974 12
2  113 870 100
2  303 851 816
1  717 727 12
2  458 730 476
1  284 950 798
2  913 994 373
1  306 886 2
2  602 613 998
2  854 867 633
2  361 651 79
1  686 983 879
1  972 991 2
2  981 984 791
2  950 966 809
2  553 563 638
1  481 586 563
1  345 347 743
2  815 821 547
2  893 918 450
1  9 990 743
2  670 742 549
2  509 789 679
1  730 910 798
1  436 523 354
2  423 776 368
1  75 105 181
2  752 890 709
1  717 749 315
1  745 848 315
2  785 820 756
2  325 949 265
2  777 815 361
1  742 800 263
2  130 789 718
1  543 867 315
1  793 794 263
1  565 616 315
1  39 529 563
2  595 786 501
1  547 642 315
1  637 699 263
2  627 816 350
2  589 868 467
1  379 496 315
2  968 976 81
2  507 699 204
1  650 798 743
1  410 423 354
1  364 994 315
2  994 994 486
2  101 425 69
1  208 704 354
1  770 914 181
1  46 756 2
1  871 892 2
1  741 772 879
1  292 675 181
1  473 762 563
1  432 896 315
2  655 947 996
1  376 775 879
1  271 409 563
2  379 596 316
2  585 778 436
1  151 977 12
1  723 955 2
1  761 998 2
2  769 849 641
2  786 962 914
2  489 758 704
2  779 847 747
2  937 976 5
1  613 915 879
2  989 1000 992
1  176 852 879
2  911 973 786
1  904 957 563
1  92 568 798
1  253 463 563
1  812 838 12
1  439 676 798
2  516 825 378
2  498 866 582
1  653 839 798
1  859 926 315
1  640 855 12
1  247 249 12
2  336 989 396
1  952 992 12
1  377 651 181
2  944 999 500
2  661 993 940
1  736 985 563
1  78 654 563
2  262 382 164
2  256 953 861
1  146 963 354
2  22 376 733
1  628 877 181
2  9 774 346
2  196 982 182
1  500 897 879
1  80 172 743
1  258 952 263
1  614 772 2
2  91 741 964
1  153 708 12
1  616 650 2
2  563 630 665
1  166 679 181
1  433 980 2
2  622 703 791
2  588 701 242
2  819 844 170
1  485 553 12
2  68 145 873
2  909 968 29
1  458 815 798
1  803 968 879
1  882 891 563
2  461 773 943
1  879 951 798
1  404 506 263
2  861 977 47
1  795 918 315
1  477 958 743
2  330 497 651
2  621 952 780
2  559 613 924
2  914 921 12
2  806 921 546
1  589 975 798
1  126 774 181
2  806 900 922
2  934 998 169
2  360 380 103
2  889 994 77
2  153 783 522
2  116 993 152
1  695 840 563
2  967 976 204
1  837 975 181
2  725 882 358
2  178 365 489
1  295 374 12
1  467 820 563
2  641 856 595
1  599 603 354
1  369 415 798
2  867 891 597
2  507 561 418
2  651 717 514
2  804 834 311
1  851 939 315
2  100 863 575
1  123 541 12
1  680 704 2
2  854 910 257
2  81 113 524
2  891 985 897
2  561 913 906
2  421 930 854
2  965 984 885
1  432 957 354
2  633 773 965
1  944 995 563
2  743 746 466
2  198 972 154
2  87 923 805
1  237 275 315
2  692 748 217
2  788 833 736
1  355 731 2
1  133 870 879
1  204 825 563
2  963 991 901
1  478 575 181
1  904 964 315
1  548 839 263
1  741 996 12
1  649 960 879
1  469 928 181
2  790 893 803
1  259 983 563
1  304 887 181
2  507 766 199
1  951 958 354
2  654 879 102
1  130 341 2
1  744 779 354
2  948 966 332
2  345 853 168
1  53 689 879
1  310 726 743
2  745 832 325
2  715 924 921
1  786 998 798
1  679 867 181
1  224 977 354
2  949 950 782
1  770 779 315
2  88 396 815
2  787 933 650
1  326 462 315
1  462 897 354
2  98 313 417
2  999 1000 512
2  694 841 953
2  361 539 234
1  482 716 743
2  484 905 562
1  588 877 315
1  956 970 181
1  256 482 12
2  720 802 44
2  466 905 212
1  881 980 12
1  988 996 354
2  472 846 384
1  322 530 263
2  453 654 936
2  266 525 588
1  348 878 798
2  784 885 838
1  371 821 315
2  979 995 140
2  202 337 535
1  264 963 315
2  419 573 513
2  699 846 444
1  460 902 12
1  185 942 263
1  643 971 263
2  445 952 756
2  326 805 894
1  608 815 879
1  47 336 315
2  785 790 859
1  781 819 798
1  348 795 12
2  705 796 576
2  808 818 610
1  859 866 563
1  592 827 181
1  922 965 181
2  276 528 283
1  545 581 2
1  974 978 354
1  181 559 12
2  816 907 692
1  177 431 354
2  715 740 62
1  865 893 563
2  278 746 317
1  740 887 12
1  338 876 2
2  683 973 880
1  795 871 798
1  147 316 2
2  624 830 629
2  459 946 360
2  949 962 160
1  349 782 181
1  466 906 743
1  618 642 2
1  920 999 2
1  83 246 354
2  908 991 48
1  736 870 12
1  124 299 798
2  935 970 60
1  99 920 798
1  93 491 798
2  695 702 827
1  791 901 743
2  13 338 959
2  974 976 4
2  651 893 104
1  438 704 315
2  659 982 200
1  897 965 879
2  968 986 255
2  8 474 831
1  546 748 263
1  849 926 12
2  756 884 738
2  129 251 469
2  658 810 60
1  99 718 2
1  187 674 743
1  390 787 181
1  985 991 563
1  166 946 798
2  496 581 210
1  339 635 12
2  982 990 439
2  428 979 166
1  396 589 315
1  349 504 354
2  80 340 463
1  255 701 181
1  444 637 12
1  421 993 354
2  555 795 446
2  416 896 597
2  534 552 972
2  242 491 323
2  335 684 437
1  919 939 354
2  973 976 148
1  38 411 879
1  659 954 2
2  295 405 318
1  37 186 879
2  896 987 748
1  259 987 354
2  263 561 818
2  241 745 794
1  409 510 798
2  92 949 266
2  630 748 635
2  463 997 153
2  202 454 3
2  892 995 29
1  945 998 263
2  937 966 979
1  945 994 354
1  796 822 2
1  823 962 12
2  798 804 235
2  105 314 117
2  373 500 149
2  991 995 196
1  625 881 798
1  939 939 12
1  247 784 879
1  640 681 263
1  364 986 263
1  862 956 181
1  294 868 263
2  936 998 720
2  693 750 637
2  822 961 835
1  790 811 315
2  143 941 196
1  493 730 879
1  471 780 2
2  192 368 865
1  682 934 181
1  435 956 2
2  988 994 853
2  804 886 709
1  238 611 354
1  360 831 2
2  684 921 650
1  614 827 181
2  432 524 61
2  756 945 10
2  940 967 655
1  422 447 12
2  959 997 835
2  246 753 986
2  32 704 598
1  641 838 743
1  840 996 181
2  436 870 428
2  339 628 580
1  468 575 2
1  201 847 743
1  910 943 798
1  979 999 12
2  607 986 894
1  374 552 263
2  802 898 431
1  478 678 181
1  707 734 879
1  564 958 798
1  67 457 181
1  563 617 743
2  884 901 177
2  924 967 299
1  234 741 263
1  249 362 12
1  466 739 315
1  290 555 563
2  722 886 187
2  722 830 219
2  415 504 712
2  658 843 13
1  955 960 12
1  73 876 354
1  440 985 181
1  302 800 181
2  67 256 7
1  333 453 181
1  798 956 879
2  442 592 185
1  379 379 12
1  94 541 263
2  727 962 204
1  940 987 354
1  239 255 263
1  878 888 263
2  615 877 441
2  986 1000 105
1  863 895 263
2  351 469 479
1  946 993 2
1  354 490 798
2  36 985 468
2  286 441 774
1  690 772 563
1  360 898 743
1  863 963 263
1  834 900 2
2  505 636 259
2  202 901 790
1  820 879 354
2  718 823 319
2  424 729 700
1  65 798 181
1  799 887 181
2  556 849 250
2  339 475 383
1  564 742 563
2  990 999 838
1  807 930 12
1  539 546 2
2  645 871 10
1  285 690 743
1  730 959 798
1  845 857 315
1  999 1000 2
2  399 746 611
1  262 749 315
1  787 986 798
2  567 896 959
2  645 926 290
1  994 999 354
2  396 837 918
2  596 670 580
2  327 525 832
2  52 458 306
1  609 765 181
1  699 748 12
2  788 927 850
1  729 921 798
1  810 876 879
2  518 656 646
2  862 973 190
2  950 959 983
2  302 565 675
1  707 738 181
2  888 902 628
2  190 312 262
2  62 815 121
2  462 811 896
2  343 497 911
1  761 921 798
2  997 1000 539
2  514 952 706
1  698 797 2
2  697 763 663
2  111 694 256
1  685 779 2
2  677 706 787
1  734 939 563
1  554 790 263
1  948 972 798
1  441 486 2
1  119 361 743
2  396 618 993
2  594 899 149
2  142 344 934
1  503 959 2
1  195 236 798
2  48 934 626
2  265 600 2
2  693 911 558
2  206 582 508
2  712 809 502
1  576 698 354
1  801 886 354
1  387 796 879
2  13 920 578
2  57 823 180
1  802 871 879
2  553 563 721
1  352 502 2
1  637 980 879
2  141 239 103
1  19 264 263
1  19 229 12
2  193 484 378
1  629 743 563
2  438 508 779
1  646 711 354
1  593 984 354
2  407 890 386
2  702 912 485
2  482 808 19
2  119 976 272
2  553 833 146
2  622 961 392
2  399 486 241
2  395 806 67
1  742 880 879
1  591 952 743
1  243 827 879
1  940 984 879
1  23 841 2
2  316 487 630
1  916 952 181
1  362 902 879
2  437 957 725
1  453 974 354
2  322 651 319
1  849 927 181
2  244 868 673
2  330 828 293
2  370 446 149
2  504 729 388
2  965 984 560
1  369 753 798
2  591 711 342
1  988 990 263
1  812 955 354
2  952 985 526
2  192 779 266
2  976 988 520
1  250 980 12
1  645 850 354
1  858 877 563
2  79 558 494
1  398 489 563
2  635 830 977
1  888 888 563
2  955 981 22
2  947 997 937
2  384 424 804
1  962 992 563
1  470 807 354
1  466 951 354
2  117 969 790
1  234 709 2
2  587 635 841
1  207 269 12
2  598 764 754
2  558 887 642
2  198 640 216
1  272 985 798
1  122 675 798
2  576 999 504
2  685 717 863
1  916 993 315
2  365 572 866
1  64 581 2
1  920 958 354
2  915 940 937
1  546 866 315
2  543 579 879
1  790 847 354
1  860 885 354
1  520 781 315
1  941 967 354
2  59 893 257
2  818 852 715
2  873 998 745
1  485 555 315
2  82 201 710
2  938 955 290
2  847 863 550
2  428 591 181
2  855 905 205
2  222 743 424
1  49 273 12
2  228 485 850
1  369 882 181
1  77 745 743
1  400 517 12
1  951 953 798
1  887 951 315
1  238 755 2
2  337 656 24
2  471 650 581
1  559 890 798
2  248 314 857
1  258 814 354
1  915 946 879
2  835 897 836
1  115 783 879
1  211 851 743
1  646 929 798
2  420 934 807
2  338 886 978
1  771 788 181
2  521 815 273
1  15 68 879
2  319 525 799
2  690 834 957
1  970 989 263
1  472 691 2
2  841 885 552
1  659 869 563
1  478 612 798
1  341 838 798
2  20 904 133
2  437 757 165
2  62 440 66
1  765 969 181
2  989 997 425
2  42 271 752
1  946 962 315
2  244 970 947
2  459 673 283
2  876 918 190
1  335 767 263
2  862 999 375
1  839 888 263
2  32 752 964
1  797 802 354
1  846 862 263
1  959 979 354
1  23 66 181
1  749 871 263
2  35 219 74
2  483 930 206
2  321 858 562
1  376 536 743
2  657 684 575
2  72 247 255
1  469 871 563
2  946 952 541
1  59 726 263
1  545 835 798
2  645 740 694
2  804 983 684
1  189 859 2
2  2 554 779
1  577 711 2
2  889 909 48
2  26 810 938
2  120 725 399
1  854 982 798
2  539 857 821
2  115 316 229
2  930 930 299
1  657 855 315
1  138 614 2
1  74 185 798
1  443 687 563
1  331 527 263
2  745 902 212
2  913 961 651
2  125 683 948
2  985 998 237
